1300156
1300654
1301290
1301291
1301356
1302060
1302156
1302654
1304744
1305460
1305461
1305462
1305463
1305464
1305465
1305466
1305467
1305468
1305469
1308140
1308141
1308260
1308261
1310546
1312719
1312724
1312725
1314545
1314546
1315341
1315355
1315356
1315606
1315607
1315647
1315680
1315681
1316525
1316546
1317336
1317346
1317647
1317660
1317661
1317662
1317663
1317664
1318140
1318141
1318185
1318186
1318195
1318196
1318197
1318198
1318199
1320546
1320547
1320548
1320549
1321030
1321031
1321032
1321033
1321034
1321035
1321036
1321037
1321038
1321039
1322050
1322051
1322052
1322546
1324545
1324546
1325546
1325560
1325561
1325562
1325563
1325647
1327546
1327647
1328030
1328031
1328032
1328033
1328035
1328036
1328037
1328038
1328039
1328546
1328730
1328731
1328732
1328733
1328735
1328736
1328737
1328738
1329031
1329546
1329647
1330546
1330647
1332503
1332504
1332505
1332506
1334503
1334504
1334505
1334506
1335546
1335660
1335661
1335662
1335663
1335664
1335683
1336141
1336150
1336151
1336152
1336546
1337141
1337150
1337151
1337152
1337153
1337154
1337155
1337546
1337647
1338546
1338647
1339546
1339647
1340546
1340607
1340608
1340609
1340610
1340611
1340612
1340613
1340614
1345542
1345546
1345570
1345571
1345572
1346525
1346526
1346527
1346528
1346529
1346546
1346827
1347525
1347526
1347527
1347528
1347529
1347546
1350546
1350636
1351546
1351866
1356100
1356101
1356102
1356103
1356104
1356105
1356106
1356107
1356108
1356109
1356225
1356226
1356227
1356228
1356229
1356335
1356336
1356337
1356338
1356339
1358943
1358944
1358945
1358995
1358996
1358997
1358998
1358999
1360546
1361546
1361647
1362546
1364546
1364647
1365546
1365647
1366546
1366861
1367546
1367861
1368546
1369546
1369782
1369783
1370546
1370636
1370647
1377490
1378075
1378076
1378077
1378078
1378079
1378983
1379205
1379206
1379207
1379208
1379209
1379395
1379396
1379397
1379398
1379399
1380546
1385460
1385461
1385462
1385463
1385464
1385465
1385466
1385467
1385468
1385469
1386470
1386471
1386472
1386473
1386474
1386475
1386476
1386477
1386478
1386479
1388491
1388492
1390546
1390647
1395460
1395461
1395462
1395463
1395464
1395465
1395466
1395467
1395468
1395469
1396335
1396336
1396337
1396338
1396339
1500546
1500652
1500684
1500685
1500686
1500687
1500688
1502059
1505460
1506546
1506600
1506601
1506602
1506603
1506604
1506605
1506606
1506607
1506608
1506609
1510546
1515460
1515461
1515462
1515463
1515464
1515465
1515466
1515467
1515468
1515469
1516546
1516620
1516621
1516622
1516623
1516624
1516625
1516626
1516627
1516628
1516629
1520546
1521546
1521647
1525446
1525460
1525461
1525462
1525463
1525464
1525465
1525466
1525467
1525468
1525469
1526380
1526381
1526382
1526383
1526384
1526385
1526386
1526387
1526388
1526389
1526546
1526586
1526600
1526601
1526602
1526603
1526604
1526605
1526606
1526607
1526608
1526609
1526619
1527544
1527546
1527560
1527561
1527562
1527563
1527564
1527565
1528888
1530546
1530647
1531430
1531431
1531432
1531433
1531434
1531503
1531504
1531505
1531506
1531546
1531830
1531831
1531832
1531833
1531834
1531835
1531836
1531837
1531838
1531839
1533546
1533647
1534546
1555382
1555383
1555384
1555385
1555389
1560546
1560647
1561504
1561506
1561516
1561546
1561582
1561592
1566621
1566638
1566647
1566667
1566672
1566689
1569807
1569808
1580546
1585460
1586518
1586545
1586546
1586598
1590546
1595460
1595461
1595462
1595463
1595464
1595465
1595466
1595467
1595468
1595475
1596308
1596386
1596387
1596388
1596389
1596527
1596528
1596529
1596545
1596546
1599098
1860546
1860646
1865365
1865369
1880546
1880647
1885460
1885461
1885462
1885463
1885464
1885465
1885466
1885467
1885468
1885469
1886616
1886647
1886667
1886668
1890546
1890647
1895305
1895306
1895400
1895401
1895402
1895403
1895404
1895460
1895461
1895462
1895463
1895464
1895465
1895466
1895467
1895468
1895469