1300550
1300551
1300552
1300553
1300554
1300555
1301055
1301872
1301873
1301874
1301875
1301876
1302550
1302551
1302552
1302553
1302554
1302555
1304630
1304631
1304632
1304633
1304634
1306810
1306811
1306812
1306813
1306814
1306815
1306816
1306817
1306818
1306819
1307860
1307861
1307862
1307863
1307864
1307865
1307866
1307867
1307868
1307869
1308585
1308586
1308587
1308588
1308589
1311290
1311291
1311292
1311293
1311294
1311295
1311296
1311297
1311298
1311299
1311390
1311391
1311392
1311393
1311394
1312920
1312921
1312922
1312923
1312924
1312925
1312926
1312927
1312928
1312929
1314400
1314401
1314402
1314403
1314404
1314850
1314851
1314852
1314853
1314854
1316930
1316931
1316932
1316933
1316985
1316986
1316987
1316988
1316989
1317860
1317861
1317862
1317863
1317864
1317865
1317866
1317867
1317868
1317869
1318920
1318921
1318922
1318923
1318924
1318925
1318926
1318927
1318928
1318929
1321112
1321760
1322606
1322607
1322608
1322609
1322910
1322912
1323234
1323235
1323236
1323237
1323238
1323239
1323253
1323254
1323255
1323256
1323257
1323258
1323259
1324220
1324221
1324222
1324223
1324224
1324600
1324601
1324602
1324603
1324604
1324605
1324606
1324900
1324901
1324902
1324903
1324904
1324937
1324938
1325008
1325009
1325048
1325049
1325760
1326760
1326761
1326762
1326763
1326764
1328630
1328631
1328632
1328633
1328634
1328635
1328636
1328637
1328638
1328639
1328690
1328691
1328692
1328693
1328694
1330259
1330282
1331825
1331826
1331827
1331828
1331829
1331840
1331841
1331842
1332290
1332291
1332690
1332691
1332692
1332693
1332694
1332695
1332696
1332697
1332698
1332699
1334643
1334644
1334645
1334646
1334647
1334648
1334649
1336013
1336014
1336015
1337760
1338044
1338045
1338087
1338088
1338089
1339257
1339258
1339259
1339290
1339291
1339292
1339293
1339294
1341160
1341161
1341162
1341163
1341164
1341165
1341166
1341167
1341168
1341169
1341530
1341531
1341532
1341533
1341534
1341535
1341536
1341537
1341538
1341539
1341540
1341541
1341542
1341543
1341544
1341600
1341601
1341602
1341603
1341604
1341605
1341606
1341607
1341608
1341609
1342000
1342001
1342002
1342003
1342004
1342005
1342006
1342007
1342008
1342009
1342020
1342021
1342022
1342023
1342024
1342025
1342026
1342027
1342028
1342029
1342030
1342031
1342032
1342033
1342034
1342035
1342036
1342037
1342038
1342039
1342040
1342041
1342042
1342043
1342044
1342045
1342046
1342047
1342048
1342049
1342140
1342141
1342142
1342143
1342144
1342145
1342146
1342147
1342148
1342149
1342280
1342281
1342282
1342283
1342284
1342450
1342451
1342452
1342453
1342454
1342455
1342456
1342457
1342458
1342459
1342540
1342541
1342542
1342543
1342544
1342545
1342546
1342547
1342548
1342549
1342550
1342551
1342552
1342553
1342554
1342555
1342556
1342557
1342558
1342559
1342700
1342701
1342702
1342703
1342704
1342705
1342706
1342707
1342708
1342709
1343210
1343211
1343212
1343213
1343214
1343215
1343216
1343217
1343218
1343219
1343570
1343571
1343572
1343573
1343574
1343575
1343576
1343577
1343578
1343579
1345090
1345091
1345092
1345093
1345094
1345095
1345096
1345097
1345098
1345099
1350014
1352710
1352711
1352712
1352713
1352714
1352715
1352716
1352717
1352718
1352719
1352810
1352811
1352812
1352813
1352814
1352815
1352816
1352817
1352818
1352819
1352820
1352821
1352822
1352823
1352824
1352825
1352826
1352827
1352828
1352829
1353175
1353176
1353177
1353178
1353179
1353180
1353181
1353182
1353183
1353184
1353185
1353186
1353187
1353188
1353189
1353200
1353201
1353202
1353203
1353204
1353205
1353206
1353207
1353208
1353209
1354380
1354381
1354382
1354383
1354384
1354980
1354981
1354982
1354983
1354984
1354985
1354986
1354987
1354988
1354989
1354990
1354991
1354992
1354993
1354994
1356060
1356061
1356062
1356063
1356064
1356065
1356066
1356067
1356068
1356069
1359070
1359071
1359072
1359073
1359074
1359075
1359076
1359077
1359078
1359079
1359080
1359081
1359082
1359083
1359084
1359085
1359086
1359087
1359088
1359089
1359090
1359091
1359092
1359093
1359094
1359095
1359096
1359097
1359098
1359099
1360033
1360034
1361045
1361046
1361047
1361048
1361049
1362037
1362038
1362039
1362270
1363110
1363111
1363112
1363113
1363114
1363115
1363116
1363117
1363118
1363119
1364040
1364041
1364042
1364043
1364044
1364045
1364046
1364047
1364048
1364049
1365220
1365221
1365222
1365223
1368010
1368011
1368012
1368013
1368014
1368015
1368016
1368017
1368018
1368019
1368020
1368021
1368022
1368023
1368024
1368025
1368026
1368027
1368028
1368029
1370230
1370235
1370236
1370237
1370238
1370239
1370245
1370246
1370250
1370251
1370252
1370253
1370278
1370279
1370303
1370304
1371555
1371556
1371557
1371558
1371559
1371560
1371561
1371562
1371563
1371564
1371565
1371566
1371567
1371568
1371569
1372600
1372601
1372602
1372603
1372604
1372605
1372606
1372607
1372608
1372609
1372610
1372611
1372612
1372613
1372614
1379070
1379071
1379072
1379073
1379074
1379415
1379416
1379417
1379418
1379419
1380076
1380265
1380266
1380269
1380968
1380987
1382270
1382271
1382272
1382273
1382274
1382275
1382276
1382277
1382278
1382279
1382390
1382391
1382392
1382393
1382394
1382395
1382396
1382397
1382398
1382399
1382470
1382471
1382472
1382473
1382474
1382475
1382476
1382477
1382478
1382479
1390259
1390282
1392330
1392331
1392332
1392333
1392334
1392335
1392450
1392451
1392490
1392491
1392492
1392493
1392494
1392495
1392496
1392497
1392498
1392499
1392530
1392531
1392532
1392533
1392534
1392535
1392536
1392537
1392538
1392539
1392810
1392811
1392812
1392813
1392814
1392815
1392816
1392817
1392818
1392819
1500760
1500761
1501450
1501451
1501452
1501453
1501500
1501610
1501611
1501612
1501613
1501614
1501615
1501616
1501617
1501618
1501619
1501730
1501731
1501732
1501733
1501734
1501800
1501801
1501802
1501803
1501882
1501883
1501950
1501951
1501952
1501953
1501954
1501955
1501956
1501978
1501979
1501990
1501991
1508990
1508991
1508992
1508993
1508994
1508995
1508996
1508997
1508998
1508999
1509989
1510760
1510761
1511332
1511333
1511334
1511335
1511336
1511337
1511338
1511339
1511910
1511911
1511912
1511913
1511914
1511915
1511916
1520760
1520761
1521976
1521977
1521978
1521979
1521992
1521993
1521994
1521995
1522086
1522087
1522088
1522089
1522090
1522091
1522092
1522093
1530760
1530761
1530764
1532365
1532390
1532391
1532392
1532393
1532394
1532395
1532396
1533825
1533826
1533827
1533828
1533829
1560259
1560282
1562530
1562531
1562532
1562533
1562534
1562535
1562536
1562537
1562538
1562539
1566001
1566002
1566003
1566004
1566005
1566006
1566007
1566008
1569760
1569761
1580010
1580011
1580012
1580013
1580014
1580015
1580016
1580017
1580018
1580019
1580760
1580761
1581310
1581311
1581312
1581313
1581314
1581315
1581316
1581317
1581318
1581319
1581570
1581571
1581572
1581933
1581934
1581935
1581936
1581937
1581938
1581939
1581995
1581996
1581997
1581998
1581999
1582050
1582051
1582052
1582053
1582054
1587600
1587601
1587602
1587603
1587604
1587605
1587606
1587607
1587608
1587609
1587678
1587679
1588920
1588988
1588989
1590000
1590001
1590002
1590003
1590004
1590005
1590006
1590007
1590008
1590009
1590760
1590761
1590764
1590765
1591330
1591331
1591332
1591333
1591334
1591335
1591336
1591337
1591338
1591339
1591340
1591341
1591342
1591343
1591344
1591345
1591346
1591347
1591348
1591349
1591460
1591461
1591462
1591463
1591464
1591465
1591466
1591467
1591468
1591469
1591723
1591724
1591725
1591726
1591727
1591728
1591729
1591820
1591821
1591822
1591823
1591824
1591825
1591826
1591827
1591828
1591829
1597600
1597601
1597602
1597603
1597604
1597605
1597606
1597607
1597608
1597609
1860760
1867600
1867601
1867602
1867603
1880259
1880760
1882450
1882451
1882472
1882473
1882474
1882493
1882494
1882495
1882496
1882497
1882498
1882499
1882500
1882501
1882502
1882530
1882531
1882532
1882533
1882536
1882537
1882538
1882539
1882600
1882601
1882602
1882603
1882604
1890259
1890282
1892330
1892331
1892332
1892333
1892334
1892450
1892451
1892490
1892491
1892492
1892493
1892494
1892495
1892496
1892497
1892498
1892499
1892530
1892531
1892532
1892533
1892534
1892535
1892536
1892537
1892538
1892539
1892810
1892811
1892812
1892813
1892814
1892815
1892816
1892817
1892818
1892819
1898855
1898856
1898857
1898858
1898859
1899878