1300157
1300279
1301279
1301350
1301351
1301352
1301353
1301354
1301355
1302065
1302066
1302157
1302279
1304404
1304405
1304406
1304747
1305390
1305391
1305392
1305393
1305394
1305395
1305396
1305397
1305398
1305399
1305490
1305491
1305492
1305493
1305494
1308264
1308265
1308266
1310539
1310549
1312729
1314539
1314549
1315390
1315391
1315392
1315393
1315394
1315395
1315396
1315397
1315398
1315399
1316527
1316528
1316529
1316539
1316549
1317307
1317308
1317309
1317344
1317607
1317608
1317609
1317696
1317697
1317698
1317699
1318120
1318121
1318122
1318123
1318124
1318148
1318149
1318870
1318871
1318872
1318873
1320539
1321042
1321043
1321065
1321066
1322053
1322054
1322065
1322066
1322539
1322549
1323539
1324539
1324549
1325539
1325549
1325650
1325651
1325652
1325653
1325654
1325655
1325656
1325657
1325658
1325659
1327539
1327549
1328042
1328043
1328050
1328051
1328052
1328053
1328054
1328055
1328056
1328057
1328058
1328059
1328539
1328549
1328712
1328713
1328714
1328715
1328716
1328717
1328718
1328719
1329020
1329021
1329035
1329539
1329549
1330539
1330549
1332507
1332508
1332509
1334127
1334128
1334507
1334508
1334509
1335500
1335501
1335502
1335503
1335504
1335505
1335506
1335507
1335508
1335509
1335539
1335549
1336539
1336549
1337065
1337066
1337126
1337127
1337128
1337129
1337539
1337549
1337568
1337569
1338539
1338549
1339539
1339549
1340539
1340549
1340684
1340762
1340763
1340764
1340765
1340766
1340767
1340768
1340769
1345590
1345591
1345592
1345593
1345594
1345595
1345596
1345597
1346539
1346549
1346808
1346809
1346810
1346811
1346812
1346813
1346814
1346815
1346816
1346817
1346818
1346819
1346820
1346821
1347539
1347549
1350539
1350549
1350899
1351539
1351549
1351639
1351869
1356290
1356291
1356292
1356293
1356294
1356295
1356296
1356297
1356298
1356299
1356390
1356391
1356392
1356393
1356394
1356395
1356396
1356397
1356398
1356399
1357390
1357391
1357392
1357393
1357394
1357395
1357396
1357397
1357398
1357399
1358105
1358106
1358107
1358108
1358109
1358390
1358391
1358392
1358393
1358394
1358395
1358396
1358397
1358398
1358399
1358965
1358966
1358967
1358968
1358969
1360539
1360549
1360890
1360899
1361539
1361549
1361649
1362539
1362549
1364539
1364549
1364649
1365539
1365549
1365649
1366539
1366549
1366639
1366869
1367539
1367549
1367639
1367869
1368539
1368549
1368639
1369539
1369549
1369639
1369780
1369781
1370539
1370549
1372199
1373435
1373436
1373437
1373438
1373439
1375470
1375471
1375472
1375473
1375474
1379150
1379151
1379152
1379153
1379154
1379155
1379156
1379157
1379158
1379159
1379240
1379241
1379292
1379293
1379294
1379295
1379296
1379297
1379298
1379299
1379390
1379391
1379392
1379393
1379394
1380539
1380549
1385390
1385391
1385392
1385393
1385394
1385395
1385396
1385397
1385398
1385399
1385490
1385491
1385492
1385493
1385494
1385495
1385496
1385497
1385498
1385499
1386490
1386491
1386492
1386493
1386494
1386495
1386496
1386497
1386498
1386499
1386990
1386991
1386992
1386993
1386994
1386995
1386996
1386997
1386998
1386999
1388487
1388488
1388489
1388490
1390539
1390549
1395390
1395391
1395392
1395393
1395394
1395395
1395396
1395397
1395398
1395399
1395440
1395441
1395442
1395443
1395444
1395445
1395446
1395447
1395448
1395449
1395490
1395491
1395492
1395493
1395494
1395495
1395496
1395497
1395498
1395499
1396990
1396991
1396992
1396993
1396994
1396995
1396996
1396997
1396998
1396999
1500539
1500549
1500649
1500659
1502030
1502031
1502032
1502033
1502034
1502035
1502036
1502037
1502038
1502039
1502090
1502091
1502092
1502093
1502094
1502095
1502096
1502097
1502098
1502099
1505390
1505391
1505392
1505393
1505394
1505395
1505396
1505397
1505398
1505399
1505461
1505462
1505463
1505464
1505490
1505491
1505492
1505493
1505494
1505495
1505496
1505497
1505498
1505499
1506329
1506490
1506491
1506492
1506493
1506494
1506495
1506496
1506497
1506498
1506499
1506539
1506549
1506590
1506591
1506592
1506593
1506594
1506595
1506596
1506597
1506598
1506599
1506990
1506991
1506992
1506993
1506994
1506995
1506996
1506997
1506998
1506999
1509237
1509238
1509239
1509286
1509287
1509288
1509289
1509290
1509291
1509292
1509293
1509294
1509295
1509296
1509297
1509298
1509299
1509470
1509471
1509472
1509473
1509474
1509475
1509476
1510539
1510549
1510639
1510649
1510660
1510661
1510662
1510663
1510664
1510665
1510666
1510667
1510668
1510669
1515390
1515391
1515392
1515393
1515394
1515395
1515396
1515397
1515398
1515399
1516390
1516391
1516392
1516393
1516394
1516395
1516396
1516397
1516398
1516399
1516539
1516549
1516550
1516551
1516552
1516553
1516554
1516555
1516556
1516557
1516558
1516559
1516649
1516890
1516891
1516892
1516893
1516894
1516895
1516896
1516897
1516898
1516899
1519281
1519282
1519283
1519284
1519285
1519286
1519287
1519288
1519289
1519290
1519291
1519292
1519293
1519294
1519295
1519296
1519297
1519298
1519299
1519403
1519404
1519405
1519406
1519407
1519408
1519409
1520539
1520549
1520639
1520649
1520680
1520681
1520682
1520683
1520684
1521539
1521549
1521650
1521651
1521652
1521653
1521654
1521655
1521656
1521657
1521658
1521659
1522439
1522449
1524430
1524431
1524432
1524433
1524434
1524435
1524436
1524437
1524438
1524439
1525390
1525391
1525392
1525393
1525394
1525395
1525396
1525397
1525398
1525399
1525449
1525490
1525491
1525492
1525493
1525494
1525495
1525496
1525497
1525498
1525499
1526390
1526391
1526392
1526393
1526394
1526395
1526396
1526397
1526398
1526399
1526446
1526447
1526448
1526449
1526490
1526491
1526492
1526493
1526494
1526495
1526496
1526497
1526498
1526499
1526510
1526511
1526512
1526513
1526514
1526515
1526516
1526517
1526518
1526519
1526539
1526549
1526589
1526590
1526591
1526592
1526593
1526594
1526595
1526596
1526597
1526598
1526599
1526639
1526649
1526662
1526663
1526664
1526665
1526666
1526667
1526668
1526669
1526990
1526991
1526992
1526993
1526994
1526995
1526996
1526997
1526998
1526999
1527539
1527549
1527558
1527559
1527578
1527579
1530539
1530549
1531407
1531438
1531507
1531508
1531509
1531539
1531549
1531822
1531823
1531850
1531851
1531852
1531853
1531854
1531855
1531856
1531857
1531858
1531859
1533539
1533549
1533997
1534539
1534541
1555390
1555391
1555392
1555393
1555394
1555395
1555396
1555397
1555398
1555399
1560539
1560549
1561517
1561529
1561539
1561549
1561559
1561569
1561579
1561589
1561599
1565390
1565391
1565392
1565393
1565394
1565395
1565396
1565397
1565398
1565399
1566615
1566619
1566639
1566683
1566687
1566699
1569239
1569827
1569828
1580539
1580549
1580690
1580691
1580692
1580693
1580694
1585384
1585385
1585390
1585391
1585392
1585393
1585394
1585395
1585396
1585397
1585398
1585399
1585490
1585491
1585492
1585493
1585494
1585495
1585496
1585497
1585498
1585499
1586385
1586386
1586387
1586388
1586390
1586391
1586392
1586393
1586394
1586395
1586396
1586397
1586398
1586399
1586480
1586481
1586482
1586483
1586484
1586485
1586486
1586487
1586488
1586489
1586496
1586497
1586498
1586499
1586524
1586539
1586596
1586597
1586620
1586641
1586642
1586643
1586644
1586690
1586691
1586692
1586693
1586694
1586695
1586696
1586697
1586698
1586699
1589879
1590539
1590549
1591013
1591014
1591015
1591016
1591017
1591018
1594977
1595390
1595391
1595392
1595393
1595394
1595395
1595396
1595397
1595398
1595399
1595407
1595438
1596332
1596333
1596334
1596335
1596348
1596390
1596391
1596392
1596393
1596394
1596395
1596396
1596397
1596398
1596399
1596408
1596409
1596480
1596481
1596482
1596483
1596484
1596485
1596486
1596487
1596488
1596489
1596539
1596549
1596579
1596640
1596641
1596642
1596643
1596676
1596972
1596973
1596991
1596992
1596993
1596994
1596995
1596996
1860539
1860541
1860549
1860639
1865353
1865355
1880539
1880549
1885390
1885391
1885392
1885393
1885394
1885395
1885396
1885397
1885398
1885399
1885440
1885441
1885442
1885443
1885444
1885445
1885446
1885447
1885448
1885449
1885490
1885491
1885492
1885493
1885494
1885495
1885496
1885497
1885498
1885499
1886690
1886691
1886692
1886693
1886694
1886695
1886696
1886697
1886698
1886699
1890539
1890549
1895393
1895394
1895395
1895396
1895397
1895398
1895399