1300953
1301503
1301523
1302953
1303474
1308023
1308474
1308857
1308858
1308859
1312174
1312674
1313474
1315080
1315081
1315082
1315083
1315084
1315474
1317130
1319059
1319062
1319063
1319064
1319065
1319157
1319158
1320474
1321404
1321474
1322474
1322479
1323474
1323846
1323847
1323848
1324517
1324518
1327474
1328474
1328481
1328482
1329474
1329694
1329695
1330474
1331474
1332714
1333713
1333714
1335474
1338474
1339474
1339488
1374748
1374749
1530474
1532674
1532681
1533274
1533283
1533474
1533564
1554001
1554002
1554040
1554041
1554042
1554043
1554044
1554740
1554741
1554742
1554743
1554744
1554745
1554746
1554747
1554748
1554749
1554815
1554816
1554817
1556060
1556061
1556062
1556063
1556064
1556065
1556066
1559850
1559851
1559852
1559853
1560474
1564740
1564741
1564742
1564743
1564744
1564745
1564746
1564747
1564748
1564749
1564890
1564891
1564892
1564893
1564894
1564895
1564896
1564897
1564898
1564899
1569474
1860474
1860484
1890474
1894740
1894741
1894784
1894785
1894786