1300959
1301509
1302959
1303473
1308473
1313473
1313498
1315473
1317131
1319058
1319068
1319135
1320473
1321473
1322473
1322480
1323473
1323845
1324516
1327030
1327473
1328473
1329473
1330473
1331473
1332703
1335473
1338473
1339473
1351473
1360473
1361473
1364473
1365473
1366485
1373473
1374730
1374731
1374732
1374733
1374734
1374735
1374736
1374830
1374831
1374832
1374833
1384730
1384731
1384732
1384733
1384734
1384735
1384736
1384830
1384831
1384832
1384833
1384834
1384835
1390473
1394730
1394731
1394732
1394733
1394734
1394833
1394834
1504814
1504818
1504832
1504833
1504834
1504978
1504979
1510473
1514473
1514730
1514731
1514732
1514737
1514738
1514739
1514740
1514741
1514742
1514743
1514744
1517470
1517471
1517472
1517473
1517474
1520473
1524730
1524731
1524732
1524733
1524734
1524735
1524736
1530473
1532673
1533273
1533473
1533563
1554084
1554735
1554736
1554737
1554738
1554739
1554825
1554826
1560473
1564730
1564731
1564732
1564733
1564734
1564735
1564736
1564737
1564738
1564739
1569473
1580473
1584808
1584830
1584831
1584832
1584833
1584834
1584835
1584930
1584931
1590473
1860473
1864729
1890473
1894730
1894731
1894797
1894798