1300538
1300539
1302538
1302539
1303027
1303028
1303029
1304920
1304921
1304922
1305930
1305931
1305932
1305933
1305934
1307750
1307751
1307752
1307753
1307754
1307755
1307756
1307757
1307758
1307759
1310480
1310481
1314864
1314865
1316816
1316817
1316937
1316938
1316939
1319260
1319261
1319262
1319263
1319264
1321766
1322636
1322971
1322972
1323210
1323211
1323212
1323213
1323214
1325043
1325766
1328870
1328872
1328873
1330237
1331890
1331891
1332294
1332295
1334658
1334659
1336019
1337766
1338042
1338043
1341170
1341171
1341172
1341173
1341174
1341175
1341176
1341177
1341178
1341179
1341795
1341796
1341797
1341798
1341799
1342177
1342178
1342179
1343590
1343591
1343592
1343593
1343594
1343595
1343596
1343597
1343598
1343599
1348035
1348036
1348037
1350999
1353790
1353791
1353792
1353793
1353794
1354240
1354241
1354242
1354243
1354244
1358065
1358066
1358067
1358068
1358069
1360023
1360296
1360963
1362025
1362244
1362246
1364227
1364228
1365308
1367250
1367251
1367252
1367253
1367254
1367255
1367256
1367257
1367258
1367259
1367260
1367261
1367262
1367263
1367264
1371980
1371981
1371982
1371983
1371984
1372970
1372971
1372972
1372973
1372974
1372975
1372976
1372977
1372978
1372979
1382465
1382466
1382467
1382468
1382469
1382670
1382671
1382672
1382673
1382674
1382675
1382676
1382677
1382678
1382679
1382680
1382681
1382682
1382683
1382684
1382685
1382686
1382687
1382688
1382689
1390237
1392265
1392266
1392710
1392711
1392712
1392713
1392714
1392715
1392716
1392717
1392718
1392719
1500766
1501449
1501649
1501658
1501659
1501820
1508817
1508818
1508819
1510766
1510767
1511378
1511379
1511990
1511991
1520766
1520767
1521857
1521858
1521859
1521964
1521965
1521966
1521967
1530766
1532215
1532216
1532217
1532218
1533845
1533846
1560237
1562265
1562266
1562710
1562711
1562712
1562713
1562714
1562715
1562716
1562717
1562718
1562719
1566022
1569766
1580766
1581175
1581176
1581177
1581178
1581179
1581950
1581951
1581952
1581953
1587660
1587661
1590766
1591715
1860766
1867565
1880766
1881896
1881897
1881898
1881983
1881984
1882051
1890237
1892265
1892266
1892715
1892716
1892717
1892718
1892719
1899862