1302402
1303064
1303065
1303069
1305318
1306339
1307501
1307503
1307504
1307507
1308336
1308338
1308406
1309335
1309337
1313547
1314567
1314568
1315567
1315568
1315670
1315671
1315672
1315673
1315674
1315675
1315676
1315677
1315678
1315679
1316767
1316768
1317010
1317017
1319540
1319541
1319567
1319568
1320567
1321567
1322567
1322587
1327567
1328567
1328568
1329567
1330967
1332927
1333567
1333568
1333917
1333927
1334567
1334568
1334904
1334917
1334927
1335567
1335568
1336567
1338567
1339567
1339967
1530567
1530967
1534567
1550567
1555525
1555526
1555527
1555528
1555529
1555614
1555615
1555616
1555617
1555670
1555671
1555672
1555673
1555674
1555675
1555676
1555677
1560567
1560967
1565680
1565681
1565682
1565683
1565684
1565685
1565686
1565687
1565688
1565689
1566567
1569567
1860967
1860968
1890568
1890967
1895680
1895681
1895682
1895683
1895684
1895685
1895686
1895687
1895688
1895689