1303136
1303137
1304056
1307035
1307036
1307047
1309406
1309511
1309512
1310904
1310905
1310906
1310907
1310908
1311999
1313980
1313999
1315020
1315021
1317985
1317999
1319999
1320110
1320111
1320112
1323904
1323905
1323978
1323979
1323999
1327907
1327974
1327975
1327999
1328904
1328999
1330999
1331972
1331973
1331974
1331999
1332569
1334548
1336471
1336480
1336481
1336904
1336982
1336999
1339499
1339999
1351998
1351999
1356520
1356521
1356522
1356523
1356524
1356525
1356526
1356547
1356548
1357970
1357971
1357972
1357973
1361997
1362999
1367990
1367991
1367992
1367993
1367994
1367995
1370999
1377910
1377911
1377912
1377913
1377914
1377915
1377916
1377917
1377950
1377951
1377952
1377953
1377954
1377955
1377956
1377957
1377958
1389970
1389971
1389972
1389973
1389974
1389975
1389976
1389977
1389978
1389979
1390999
1399937
1399938
1399939
1399957
1399958
1399959
1502288
1509938
1509940
1509941
1509942
1509943
1509944
1510999
1519922
1519998
1519999
1520999
1521485
1521486
1521487
1521488
1521489
1527632
1527633
1527634
1527635
1527636
1527637
1527638
1527639
1527649
1527658
1529273
1529274
1529275
1529276
1529277
1529278
1529279
1529900
1529901
1529902
1529903
1529904
1529920
1529921
1529922
1529923
1529924
1529925
1529926
1529927
1529928
1529929
1530999
1559962
1559963
1559964
1559965
1559966
1559967
1559968
1559969
1559999
1560999
1569937
1569938
1569939
1569948
1569949
1580999
1588694
1588695
1588696
1588697
1588698
1588699
1589410
1589411
1589412
1589413
1589414
1589415
1589416
1589417
1589418
1589419
1590999
1598172
1598173
1599925
1599926
1599927
1599928
1599946
1599947
1860905
1860999
1880999
1890999
1899757
1899758
1899759
1899783
1899784
1899937
1899938
1899939
1899957
1899958
1899959