1300976
1300977
1300978
1301975
1301976
1302978
1302997
1302998
1303960
1303961
1303962
1303963
1303964
1303965
1304540
1304541
1304542
1304543
1304544
1305436
1306975
1306976
1306992
1306993
1308963
1308964
1308965
1308966
1308967
1308968
1308969
1309162
1309163
1309164
1309165
1310165
1310454
1311454
1311534
1311535
1311536
1311554
1312454
1313454
1313697
1313698
1313699
1314454
1314954
1314966
1315454
1315997
1315998
1316349
1316350
1316351
1319454
1319910
1319911
1319912
1319913
1319914
1319915
1320454
1320697
1320698
1320699
1320840
1320841
1320842
1321284
1321298
1321299
1321454
1322454
1322464
1322466
1323454
1325154
1325860
1325861
1325862
1327454
1327468
1328407
1328454
1328465
1328491
1329873
1329876
1330368
1330454
1331454
1332944
1332954
1332955
1333944
1333954
1333955
1334944
1334954
1334955
1335134
1335144
1335164
1335165
1335166
1335176
1335186
1335254
1335454
1335954
1335955
1335963
1335964
1335976
1338454
1339454
1339457
1350369
1350454
1350469
1351260
1351261
1351262
1351263
1351264
1351265
1351266
1351267
1351268
1351269
1355502
1355542
1355543
1355558
1355559
1360369
1360454
1360469
1360486
1361454
1361469
1362454
1362465
1363454
1363465
1364454
1364468
1366454
1367454
1368454
1369454
1369466
1370454
1370469
1370486
1373452
1373453
1373454
1374540
1374541
1374542
1374543
1374544
1374545
1374546
1374547
1374548
1374549
1374610
1374611
1374612
1374613
1374614
1374615
1374616
1374617
1374618
1374619
1374680
1374681
1374682
1374683
1374684
1374685
1374686
1374687
1374688
1374689
1374690
1374691
1374692
1374693
1374694
1374695
1374696
1374697
1374698
1374699
1376363
1379635
1379636
1380365
1380366
1380367
1383660
1383661
1383662
1383663
1383664
1383665
1383666
1383667
1383668
1383669
1384540
1384541
1384542
1384543
1384544
1384545
1384546
1384547
1384548
1384549
1384610
1384611
1384612
1384613
1384614
1384615
1384616
1384617
1384618
1384619
1390364
1390368
1390454
1394540
1394541
1394542
1394543
1394544
1394545
1394546
1394547
1394548
1394549
1394640
1394641
1394642
1394643
1394644
1394645
1394646
1394647
1394648
1394649
1504540
1504541
1504642
1504643
1504644
1504645
1504646
1504647
1504648
1504649
1514542
1514543
1514544
1514545
1514546
1514547
1514548
1514549
1516450
1516451
1520454
1521454
1521457
1521466
1521469
1524478
1524479
1524540
1524541
1524542
1524543
1524544
1524545
1524546
1524547
1524548
1524549
1524562
1524563
1524642
1524643
1524644
1524645
1524646
1524647
1524648
1524649
1530368
1530454
1532654
1532657
1532669
1533187
1533196
1534454
1554540
1554541
1554542
1554575
1554576
1559090
1559091
1559092
1559093
1559094
1559095
1560368
1560454
1563644
1563645
1563646
1563647
1563648
1563649
1564540
1564541
1564542
1564543
1564544
1564545
1564546
1564547
1564548
1564549
1567275
1567294
1567299
1569454
1580454
1584515
1584516
1584517
1584518
1584519
1584540
1584541
1584542
1584543
1584544
1584545
1584697
1584698
1584699
1590454
1594540
1594541
1594542
1594543
1594544
1594586
1594587
1594588
1594589
1594653
1594654
1594655
1594656
1594657
1594658
1594659
1860364
1860368
1860454
1864527
1864528
1880454
1884540
1890364
1890368
1890454
1894540
1894541
1894542
1894543
1894544
1894640
1894641
1894642
1894643
1894644
1894645
1894646
1894647
1894648
1894649