1303332
1308749
1309435
1309436
1309539
1309967
1309968
1310875
1311419
1311875
1315077
1317073
1318750
1318751
1318752
1318753
1320875
1321180
1323865
1323875
1327860
1327861
1327862
1330875
1331279
1332059
1333059
1336875
1337875
1338875
1339875
1346613
1346614
1350875
1352954
1352955
1357750
1357751
1357752
1357753
1357754
1357755
1357756
1357757
1357758
1357759
1361875
1361945
1362875
1364875
1365875
1370865
1370875
1376904
1376905
1376906
1388780
1388781
1388782
1388783
1390875
1398705
1398750
1398751
1398752
1398753
1398754
1398755
1398756
1398757
1398758
1398759
1502500
1502501
1502502
1502503
1502504
1502505
1502506
1502507
1502508
1502509
1508750
1508751
1508752
1508753
1508754
1508755
1508756
1508757
1508758
1508759
1509420
1509421
1509422
1509423
1509424
1518480
1518481
1518482
1518483
1518484
1518485
1518486
1518487
1518750
1518751
1518752
1518753
1518754
1518755
1518756
1518757
1518758
1518759
1520875
1528458
1528750
1528751
1528752
1528753
1528754
1528755
1528756
1528757
1528758
1528759
1530875
1533151
1533152
1533153
1533431
1534875
1555992
1555993
1555994
1560875
1567058
1567059
1568750
1568751
1568752
1568753
1568754
1568755
1569465
1588750
1588764
1588765
1588766
1588767
1588768
1588769
1590698
1590875
1591190
1591191
1591270
1591271
1592500
1592501
1592502
1592503
1592504
1592505
1592556
1592557
1592558
1592559
1596934
1596935
1597496
1597497
1598750
1598751
1598752
1598775
1598776
1860875
1880875
1888750
1888751
1888752
1888753
1888754
1888755
1888756
1888757
1888758
1888759
1890875
1898750