1303138
1303139
1304055
1307037
1307039
1307046
1309405
1309510
1311990
1313990
1317990
1319990
1320108
1323977
1323990
1328990
1330990
1331990
1332567
1332568
1334547
1336470
1336499
1336905
1336990
1339494
1339900
1339990
1351990
1351991
1356545
1356546
1357950
1357951
1357952
1357953
1361999
1362997
1368996
1368997
1368998
1368999
1370990
1389956
1389957
1389958
1389959
1390990
1399930
1399931
1399950
1399951
1399952
1500990
1502285
1502612
1519963
1520990
1529950
1529979
1529999
1534990
1560990
1580900
1580905
1580990
1589939
1590990
1599939
1860990
1880990
1889963
1890990
1899930
1899931
1899950
1899951
1899952