1301704
1301707
1304856
1304958
1308696
1308697
1309681
1309688
1309858
1311636
1311637
1311638
1311858
1312368
1312468
1315817
1315818
1315828
1315838
1319518
1319528
1320854
1323853
1323854
1330858
1331078
1331239
1331246
1332968
1333968
1336858
1336868
1337858
1338516
1338558
1339858
1350858
1351858
1359580
1359581
1359582
1359583
1359584
1359585
1359586
1359587
1359588
1359589
1362858
1363858
1363915
1363916
1363917
1363918
1363919
1364858
1365858
1366858
1367858
1368858
1369858
1369859
1370858
1376570
1376571
1376572
1376573
1376574
1388580
1388581
1388582
1388583
1388584
1388585
1388586
1388587
1388588
1388589
1390858
1398448
1398460
1398461
1398462
1398463
1398464
1398537
1398538
1398590
1398591
1398592
1398593
1398594
1500858
1508518
1508519
1508584
1508585
1508586
1508587
1508588
1508640
1508641
1508642
1508643
1508644
1508645
1508646
1508647
1508648
1508649
1510858
1511740
1511741
1511742
1511743
1511744
1511745
1511746
1511747
1511748
1511749
1512170
1512171
1512172
1512173
1512174
1512175
1512176
1512177
1512178
1512179
1518620
1518621
1518622
1518623
1518624
1518625
1518626
1518627
1518628
1518629
1518630
1518631
1518632
1518633
1518634
1520858
1528580
1528581
1528582
1528583
1528584
1528585
1528586
1528587
1528588
1528589
1528645
1528646
1528647
1528648
1528649
1528665
1528666
1528667
1528668
1528669
1530858
1532908
1532918
1532928
1532938
1532948
1532958
1532968
1532978
1532981
1532994
1533858
1533958
1534854
1551947
1551950
1551951
1551952
1551953
1551967
1551968
1551969
1551980
1551981
1551982
1551983
1551984
1551985
1551986
1551987
1551988
1551989
1558507
1558508
1558509
1558563
1558564
1558580
1558581
1558582
1558583
1558584
1558585
1558586
1558587
1558588
1558589
1559782
1559783
1559784
1559785
1559786
1559787
1559788
1559789
1559950
1559951
1559952
1559953
1559954
1559955
1559956
1559957
1559958
1559959
1560858
1567098
1568548
1568563
1568580
1568581
1568582
1568583
1568584
1568585
1568586
1568587
1568588
1568589
1569278
1580858
1587030
1587031
1587032
1588532
1588533
1588534
1588535
1588536
1588537
1588538
1588539
1588548
1588590
1588591
1588592
1588593
1588594
1590858
1598558
1598559
1598568
1598569
1860858
1880858
1888500
1888501
1888502
1888503
1888504
1888505
1888506
1888507
1888508
1888509
1890858
1898537
1898538
1898548
1898549
1898590
1898591
1898592
1898593
1898594