1300087
1300870
1300871
1300872
1300873
1300874
1300875
1300876
1300877
1300878
1300879
1301087
1301414
1302870
1302871
1302879
1303870
1303871
1303872
1303873
1303874
1303875
1303876
1303877
1303878
1303879
1308870
1308871
1308872
1308873
1308874
1308875
1308876
1308877
1308878
1308879
1309910
1309911
1309912
1309913
1309914
1309915
1309916
1309917
1309918
1309919
1309920
1309921
1309922
1309923
1309924
1309925
1309926
1310930
1310931
1310932
1310933
1310935
1310936
1310937
1310938
1310939
1310940
1310941
1310942
1310943
1310948
1310949
1311930
1311931
1311940
1311941
1311942
1311943
1311944
1313920
1313921
1313922
1313923
1313924
1313925
1313926
1313927
1313928
1313929
1313931
1313940
1315001
1315002
1319583
1320931
1320946
1322040
1322045
1322046
1322048
1323931
1323962
1323963
1323964
1323965
1323966
1323967
1323968
1323969
1329931
1330931
1330940
1330941
1330942
1330944
1330946
1330948
1330949
1332120
1332121
1332122
1332128
1332131
1332133
1335931
1335940
1335941
1335942
1335943
1335944
1335945
1335946
1335947
1335948
1335949
1336931
1336943
1336944
1336945
1336946
1336948
1336949
1338931
1338933
1338936
1338940
1338944
1339931
1339946
1351931
1351940
1351944
1351949
1351960
1351961
1351962
1351963
1351964
1351965
1351966
1351967
1351968
1351969
1360930
1360931
1360932
1360933
1360934
1360935
1360936
1360937
1360938
1360939
1361931
1361932
1361933
1361934
1361936
1361939
1363931
1363932
1363933
1363934
1363936
1363939
1364931
1365931
1365932
1365940
1365941
1365942
1365943
1365944
1365945
1365946
1365947
1365948
1365949
1366930
1366931
1366932
1366933
1366934
1366935
1366936
1366937
1366938
1366939
1367940
1367941
1367942
1367943
1367944
1367945
1367946
1367947
1367948
1367949
1373931
1380931
1389310
1389311
1389312
1389313
1389314
1389315
1389316
1389317
1389318
1389319
1389320
1389321
1389322
1389323
1389324
1389325
1389326
1389327
1389328
1389329
1389330
1389331
1389332
1389333
1389334
1389335
1389336
1389337
1389338
1389339
1389340
1389341
1389342
1389343
1389344
1389345
1389346
1389347
1389348
1389349
1389360
1389361
1389362
1389363
1389364
1389365
1389366
1389367
1389368
1389369
1390094
1390931
1390940
1390942
1390944
1390946
1390948
1390949
1391900
1391901
1391902
1391903
1391904
1391905
1391906
1391907
1391908
1391909
1391910
1391911
1391912
1391913
1391914
1391915
1391916
1391917
1391918
1391919
1391920
1391921
1391922
1391923
1391924
1391925
1391926
1391927
1391928
1391929
1391930
1391931
1391932
1391933
1391934
1391935
1391936
1391937
1391938
1391939
1391940
1391941
1391942
1391943
1391944
1391945
1391946
1391947
1391948
1391949
1391976
1391977
1391978
1391979
1391980
1391981
1391982
1391983
1391984
1391985
1391986
1391987
1391988
1391989
1391990
1391991
1391992
1391993
1391994
1391995
1391996
1391997
1391998
1391999
1399310
1399311
1399312
1399313
1399314
1399315
1399316
1399317
1399318
1399319
1500250
1500251
1500252
1500253
1500254
1500255
1500256
1500257
1500258
1500259
1500260
1500261
1500262
1500263
1500264
1500265
1500266
1500267
1500268
1500269
1500931
1500942
1500946
1509530
1509531
1509532
1509533
1509534
1509535
1509536
1509537
1509538
1509539
1509540
1509541
1509542
1509543
1510120
1510121
1510122
1510123
1510124
1510125
1510126
1510127
1510128
1510129
1510130
1510131
1510132
1510133
1510134
1510931
1511700
1511701
1511702
1511703
1511704
1511705
1511706
1511707
1511708
1511709
1511710
1511711
1511712
1511713
1511714
1511715
1511716
1511717
1511718
1511719
1511720
1511721
1511722
1511723
1511724
1511725
1511726
1511727
1511728
1511729
1519310
1519311
1519312
1519313
1519314
1519315
1519316
1519317
1519318
1519319
1520931
1521401
1521402
1521403
1521404
1521405
1521406
1521407
1521408
1521409
1529310
1529311
1529312
1529313
1529314
1529315
1529316
1529317
1529318
1529319
1529411
1529412
1529413
1529414
1529415
1529416
1529417
1529418
1529419
1529420
1529421
1529422
1529423
1529424
1530931
1533794
1533931
1533944
1533980
1533981
1533982
1533983
1533984
1533985
1533986
1534498
1534499
1534931
1559310
1559311
1559312
1559313
1559314
1559315
1559316
1559317
1559318
1559319
1559394
1560931
1560941
1569305
1569307
1569310
1569311
1569312
1569313
1569314
1569315
1569316
1569317
1569318
1569319
1569325
1569327
1569331
1569332
1569333
1569334
1569342
1569344
1569347
1569382
1569385
1569387
1569391
1580931
1860931
1860940
1860944
1860948
1860949
1880930
1880931
1880932
1880933
1880934
1880936
1880939
1880940
1880942
1880944
1880946
1880948
1880949
1889310
1889311
1889312
1889313
1889314
1890931
1890940
1890942
1890944
1890946
1890948
1890949
1891900
1891901
1891902
1891903
1891904
1891905
1891906
1891907
1891908
1891909
1891910
1891911
1891912
1891913
1891914
1891915
1891916
1891917
1891918
1891919
1891931
1891980
1891981
1891982
1891983
1891984
1891985
1891986
1891987
1891988
1891989
1891990
1891991
1891992
1891993
1891994
1891995
1891996
1891997
1891998
1891999
1899303
1899304
1899305
1899306
1899307
1899308
1899309
1899310
1899311
1899312
1899313
1899314
1899315
1899316
1899317
1899318
1899319
1899329
1899389