1301705
1303559
1304959
1308698
1309680
1309689
1309859
1311639
1311859
1312369
1315819
1315829
1315830
1315839
1319519
1319529
1323859
1330859
1331079
1331229
1331249
1331449
1332969
1333969
1336859
1337859
1337966
1337967
1337968
1337969
1338559
1339859
1350859
1351859
1359590
1359591
1359592
1359593
1359594
1359595
1359596
1359597
1359598
1359599
1362859
1363859
1364859
1365859
1366859
1367859
1368859
1370859
1388590
1388591
1388592
1388593
1388594
1388595
1388596
1388597
1388598
1388599
1390859
1398449
1398465
1398466
1398467
1398468
1398469
1398509
1398539
1398595
1398596
1398597
1398598
1398599
1500859
1508589
1508651
1508652
1508653
1508654
1508655
1508656
1508657
1508658
1508659
1510859
1511730
1511731
1511732
1511733
1511734
1511735
1511736
1511737
1511738
1511739
1512155
1512156
1512157
1512158
1512159
1518635
1518636
1518637
1518638
1518639
1518640
1518641
1518642
1518643
1518644
1518645
1518646
1518647
1518648
1518649
1518650
1518651
1518652
1518653
1518654
1518655
1518656
1518657
1518658
1518659
1520859
1528545
1528546
1528547
1528548
1528549
1530859
1532909
1532919
1532929
1532939
1532949
1532959
1532969
1532979
1532989
1532991
1533859
1533869
1533954
1534859
1551939
1551990
1551991
1551992
1551993
1551994
1551995
1551996
1551997
1551998
1551999
1558534
1558590
1558591
1558592
1558593
1558594
1558595
1558596
1558597
1558598
1558599
1559797
1559798
1559799
1559939
1560859
1567099
1568549
1568593
1568594
1568595
1568596
1568597
1568598
1568599
1569279
1580859
1587033
1587034
1587035
1587036
1587037
1587038
1587039
1588549
1588595
1588596
1588597
1588598
1588599
1590859
1598532
1598533
1598534
1598535
1598536
1598537
1598538
1598539
1598549
1860859
1880859
1888490
1888491
1888492
1888493
1888494
1888495
1888496
1888497
1888498
1888499
1890859
1898509
1898539
1898542
1898547
1898595
1898596
1898597
1898598
1898599