1303525
1303526
1303527
1303528
1303529
1304276
1308526
1309427
1309428
1309849
1311444
1311710
1313570
1313571
1313572
1314728
1316563
1317745
1317746
1317747
1317748
1319724
1319725
1319726
1319727
1319728
1319729
1320726
1321719
1322724
1322760
1322761
1323565
1323566
1323567
1324726
1326488
1326489
1327719
1327726
1329421
1329422
1329714
1329715
1329716
1329717
1329718
1329719
1330728
1331728
1331729
1332984
1332985
1333985
1333986
1334359
1334979
1336719
1337782
1338713
1338714
1338715
1339728
1339729
1342995
1342996
1342997
1345124
1345125
1345126
1345127
1347729
1347730
1347731
1347732
1347796
1347797
1347798
1347799
1350867
1350868
1358136
1358137
1358138
1359370
1359371
1359372
1359373
1359374
1359375
1359376
1359377
1359785
1359786
1359787
1359788
1359789
1359790
1361719
1363570
1363571
1363572
1363614
1363615
1363616
1363617
1363618
1363619
1363620
1363621
1363622
1363623
1363624
1363625
1363626
1364726
1365719
1366909
1367719
1368720
1368721
1370728
1373353
1373354
1373355
1373356
1373357
1373358
1373359
1379781
1379782
1379783
1379784
1379785
1379786
1380728
1387275
1387276
1387277
1387278
1387279
1387280
1387281
1387282
1387283
1387284
1388680
1388681
1388682
1388683
1388684
1390728
1397190
1397191
1397192
1397193
1397245
1397246
1397247
1397248
1397249
1397250
1398687
1398688
1398689
1398690
1398691
1399780
1399781
1399782
1399783
1399784
1500728
1507157
1507158
1507159
1507160
1507161
1507162
1507290
1507291
1509807
1509808
1509809
1510728
1517136
1517137
1517138
1517139
1517140
1517224
1517225
1517226
1517227
1517228
1517229
1517230
1520728
1527136
1527137
1527138
1527139
1527140
1527141
1527142
1527143
1527144
1527227
1527228
1527229
1530728
1532794
1532795
1532796
1532797
1532798
1532799
1533425
1533426
1533596
1533597
1533735
1534660
1534661
1534727
1554993
1554994
1554995
1554996
1554997
1554998
1554999
1557140
1557141
1557142
1557143
1557190
1557191
1557192
1557193
1557194
1557195
1557196
1557197
1557198
1557199
1560728
1561497
1561498
1562950
1562951
1562952
1567120
1567121
1567190
1567191
1567192
1567193
1569719
1580728
1587108
1587109
1587110
1587111
1587112
1587268
1587269
1587270
1587271
1587272
1587273
1587274
1587275
1589780
1589781
1589782
1589783
1589784
1589785
1589786
1589787
1589788
1590728
1592615
1592616
1592617
1592618
1592619
1597184
1597185
1597186
1597187
1597188
1597189
1597190
1597191
1597256
1597257
1597258
1597259
1599780
1599781
1599782
1599783
1860728
1867166
1867167
1880728
1887289
1887290
1887291
1887292
1890728
1897190
1897191
1897192
1897193
1897245
1897246
1897247
1897248
1897249
1897250
1898687
1898688
1898689
1898690
1898691
1899593
1899594