1300282
1301812
1303656
1303820
1303821
1305642
1305643
1306430
1306431
1308433
1308636
1308637
1308813
1308819
1309282
1309613
1309614
1310817
1311826
1311827
1311828
1311829
1315850
1315851
1315852
1318340
1318375
1318376
1319817
1319818
1319819
1319843
1319864
1319881
1319882
1320812
1320823
1321910
1321911
1321912
1321913
1321914
1321915
1321940
1322825
1322826
1322845
1325840
1325841
1328143
1328190
1328191
1328192
1328193
1328194
1328195
1330907
1332076
1332077
1333076
1333077
1334076
1334077
1335025
1335026
1335027
1335040
1335063
1335064
1335065
1335066
1337818
1337824
1338822
1338823
1339841
1339842
1340408
1340817
1340828
1341910
1341911
1341912
1341913
1341914
1343875
1343876
1343877
1343878
1344015
1345820
1345821
1345822
1345823
1345824
1345825
1345826
1345827
1345828
1345829
1345840
1345841
1350808
1350809
1350827
1351828
1351829
1354058
1354059
1354093
1354094
1354095
1354744
1354755
1354756
1354757
1354758
1354759
1355058
1355059
1355168
1355191
1356860
1356861
1361905
1362809
1362905
1364905
1365905
1365908
1367828
1368822
1368823
1369600
1369601
1369602
1369620
1369621
1369622
1369623
1369624
1369828
1369829
1369966
1369967
1369968
1369969
1370097
1370827
1377818
1377819
1377846
1379599
1380827
1389040
1389070
1389071
1389072
1389073
1389074
1389075
1389076
1389077
1389078
1389079
1389080
1389081
1389082
1389083
1389084
1389085
1389086
1389087
1389088
1389089
1390907
1398030
1398031
1398918
1398919
1399070
1399071
1399072
1399073
1399074
1399075
1399076
1399077
1399078
1399079
1399080
1399081
1399082
1399083
1399084
1399085
1399086
1399087
1399088
1399089
1508247
1508248
1508249
1508275
1508276
1508277
1508278
1508279
1518147
1518170
1518171
1518172
1518173
1518174
1518175
1518176
1518177
1518178
1518179
1518290
1518291
1518292
1518293
1518294
1518295
1518296
1518297
1518298
1518299
1518354
1518355
1518356
1519675
1519676
1519677
1519678
1519679
1522810
1522811
1522812
1522813
1522814
1522815
1522816
1528170
1528171
1528172
1528173
1528174
1528175
1528176
1528177
1528178
1528179
1529820
1529821
1529822
1529823
1529824
1530907
1532841
1532842
1532843
1532844
1532885
1532886
1532887
1532888
1532889
1534823
1552040
1552041
1552042
1552085
1552086
1552087
1552088
1552089
1552860
1552861
1552880
1552881
1552882
1552883
1552884
1552885
1560827
1560907
1567667
1567668
1567669
1568015
1568030
1568031
1568103
1568104
1568105
1568106
1568107
1568108
1568109
1568139
1569282
1569404
1580817
1580840
1580841
1580842
1580843
1580844
1588148
1588149
1588170
1588171
1588172
1588173
1588174
1588175
1588176
1588177
1588178
1588179
1588260
1588261
1588262
1588263
1588264
1588265
1588266
1588267
1588268
1588269
1588470
1588471
1589243
1589244
1589245
1589275
1589276
1589277
1589278
1589279
1590827
1590837
1590847
1598375
1598376
1598377
1598378
1598379
1598480
1598481
1598482
1598483
1598484
1598485
1598486
1598487
1598488
1598489
1860817
1860819
1860820
1880817
1888170
1888171
1888172
1888173
1888174
1888175
1888176
1888177
1888178
1888179
1890907
1898030
1898031
1898918
1898919
1899070
1899071
1899072
1899073
1899074
1899075
1899076
1899077
1899078
1899079
1899080
1899081
1899082
1899083
1899084
1899085
1899086
1899087
1899088
1899089