1300353
1300355
1300356
1300357
1300358
1300359
1301676
1301677
1301678
1301679
1302353
1302355
1302356
1302357
1302358
1302359
1303356
1303357
1304670
1304671
1304672
1304673
1304674
1304675
1304676
1304677
1304678
1305700
1305701
1305702
1305703
1305704
1305705
1305706
1305707
1305708
1305709
1306355
1306356
1306357
1306358
1306359
1307320
1307321
1307322
1307323
1307324
1307325
1307326
1307327
1307328
1307329
1308356
1308357
1310194
1310198
1310199
1314172
1314173
1314174
1314265
1314266
1314267
1314268
1314269
1314290
1314291
1314292
1314293
1314294
1314295
1314296
1314297
1314298
1314299
1316036
1316037
1316038
1316039
1316049
1316745
1316746
1316747
1316748
1316749
1318247
1318248
1318249
1318650
1318651
1318652
1318653
1318654
1318655
1318656
1318657
1318658
1318659
1321820
1321821
1321822
1321823
1321824
1321825
1321826
1321827
1321828
1321829
1321843
1321844
1321883
1322210
1322211
1322212
1322213
1322214
1322215
1322216
1322217
1322218
1322219
1322249
1322513
1322880
1322881
1322882
1322883
1322884
1322885
1322886
1322887
1322888
1322889
1323520
1323521
1323522
1323607
1323608
1323609
1323648
1324572
1324573
1324574
1324575
1324576
1324577
1324578
1324579
1325523
1325524
1325525
1327043
1327061
1327062
1327066
1327067
1327068
1327069
1327513
1327525
1327526
1327527
1327528
1327529
1329110
1329111
1329112
1329113
1330146
1330147
1330148
1330627
1330628
1330629
1332806
1332807
1332808
1332809
1333806
1333807
1333808
1333809
1333882
1333883
1334806
1334807
1334808
1334809
1335806
1335807
1335808
1335809
1337207
1337208
1337209
1337610
1337611
1337612
1337613
1338234
1338235
1338236
1338237
1338238
1338239
1338248
1339093
1339094
1339095
1339096
1339097
1339098
1339099
1340128
1340420
1340429
1340570
1340571
1340572
1340573
1340574
1348510
1348511
1348512
1348513
1348514
1348515
1348516
1348517
1348518
1348519
1348529
1350627
1350628
1350629
1351157
1351158
1351159
1351520
1351521
1351522
1358460
1358461
1358462
1358463
1358464
1358465
1358466
1358467
1358468
1358469
1358470
1358471
1358472
1358473
1358474
1358521
1358522
1360149
1360627
1360628
1360629
1361520
1361521
1361522
1361523
1362522
1362523
1362627
1362628
1362629
1364619
1364624
1364626
1364627
1364628
1364629
1365627
1365628
1365629
1370627
1370628
1370629
1373914
1373915
1377360
1377361
1377362
1377363
1377364
1377365
1377366
1377367
1377368
1377369
1377370
1377371
1377372
1377373
1377374
1377375
1377376
1377377
1377378
1377379
1377380
1377381
1377382
1377383
1377384
1377385
1377386
1377387
1377388
1377389
1377690
1377691
1377692
1377693
1377694
1377695
1377696
1377697
1377698
1377699
1380146
1380148
1380627
1380628
1380629
1380908
1381360
1381361
1381362
1381363
1381364
1381370
1381371
1381372
1381373
1381374
1381375
1381376
1381377
1381378
1381379
1381460
1381461
1381462
1381463
1381464
1381465
1381466
1381467
1381468
1381469
1381470
1381471
1381472
1381473
1381474
1381520
1381521
1381522
1381523
1381524
1386190
1386191
1386192
1386193
1386194
1386195
1386196
1386197
1386198
1386199
1386247
1386248
1386249
1386270
1386271
1386272
1386273
1386274
1386275
1386276
1386277
1386278
1386279
1386280
1386281
1386282
1386283
1386284
1386285
1386286
1386287
1386288
1386289
1386290
1386291
1386292
1386293
1386294
1386295
1386296
1386297
1386298
1386299
1390146
1390147
1390148
1390627
1390628
1390629
1391220
1391221
1391222
1391223
1391224
1391225
1391226
1391227
1391228
1391229
1391240
1391241
1391242
1391243
1391244
1391285
1391286
1391287
1391288
1391289
1391435
1391436
1391437
1391438
1391439
1392145
1392146
1392147
1392148
1392149
1392160
1392161
1392162
1392163
1392164
1392165
1392166
1392167
1392168
1392169
1395130
1395131
1395132
1395133
1395138
1395141
1395142
1396270
1396271
1396272
1396273
1396274
1396275
1396276
1396277
1396278
1396279
1396280
1396281
1396282
1396283
1396284
1396285
1396286
1396287
1396288
1396289
1396290
1396291
1396292
1396293
1396294
1396295
1396296
1396297
1396298
1396299
1500627
1500628
1500629
1505060
1505061
1505062
1505063
1505064
1505120
1505121
1505122
1505123
1505124
1505125
1505126
1505127
1505128
1505129
1505247
1506270
1506271
1506272
1506273
1506274
1506275
1506276
1506277
1506278
1510627
1510628
1510629
1515130
1515131
1515132
1515133
1515134
1515135
1515136
1515137
1515138
1515139
1515243
1515244
1515287
1515288
1515289
1516270
1516271
1516272
1516273
1516274
1516275
1516276
1516277
1516278
1516279
1516280
1516281
1516282
1516283
1516284
1516285
1516286
1516287
1516288
1516289
1518940
1518941
1518942
1518943
1518944
1519080
1519081
1519082
1519083
1519084
1519085
1519086
1519087
1519088
1519089
1519090
1519091
1519092
1519093
1519094
1519095
1519096
1519097
1519098
1519099
1520627
1520628
1520629
1524054
1524055
1524056
1524057
1524058
1524059
1525060
1525061
1525062
1525063
1525064
1525065
1525066
1525067
1525068
1525069
1525130
1525131
1525132
1525133
1525134
1525135
1525136
1525137
1525138
1525139
1526270
1526271
1526272
1526273
1526274
1526275
1526276
1526277
1526278
1526279
1526280
1526281
1526282
1526283
1526284
1526285
1526286
1526287
1526288
1526289
1530146
1530147
1530148
1530627
1530628
1530629
1531260
1531261
1531262
1531290
1531291
1531292
1531293
1531294
1531295
1533505
1533506
1533507
1533508
1533509
1560146
1560147
1560148
1560627
1560628
1560629
1565130
1565131
1565132
1565133
1565138
1565141
1565142
1566448
1566449
1566800
1566801
1566802
1566803
1566804
1566805
1566806
1566807
1566808
1566809
1569513
1569526
1580627
1580628
1580629
1585048
1585049
1585120
1585121
1585122
1585123
1585124
1585125
1585126
1585127
1585128
1585129
1585130
1585131
1585132
1585133
1585134
1585135
1585136
1585137
1585138
1585139
1586270
1586271
1586272
1586273
1586274
1586275
1586276
1586277
1586278
1586279
1586280
1586281
1586282
1586283
1586284
1586285
1586286
1589620
1589621
1589622
1589623
1589624
1589625
1589626
1589627
1589628
1589629
1590627
1590628
1590629
1595080
1595081
1595082
1595083
1595084
1595085
1595086
1595087
1595088
1595089
1595130
1595131
1595132
1595133
1595138
1595141
1595142
1596270
1596271
1596272
1596273
1596274
1596275
1596276
1596277
1596278
1596279
1596280
1596281
1596282
1596283
1596284
1596285
1596286
1596287
1596288
1596289
1596290
1596291
1596292
1596293
1596294
1596295
1596296
1596297
1596298
1596299
1599650
1599651
1599652
1599653
1599654
1599655
1599656
1599657
1599658
1599659
1599660
1599661
1599662
1599663
1599664
1599665
1599666
1599667
1599668
1599669
1860513
1860612
1860613
1860614
1860615
1880627
1880628
1880629
1885130
1885131
1885132
1885133
1885138
1885141
1885142
1890146
1890147
1890148
1890627
1890628
1890629
1891220
1891221
1891222
1891223
1891224
1891225
1891226
1891227
1891228
1891229
1891240
1891241
1891242
1891243
1891244
1891285
1891286
1891287
1891288
1891289
1891435
1891436
1891437
1891438
1891439
1892145
1892146
1892147
1892148
1892149
1892160
1892161
1892162
1892163
1892164
1892165
1892166
1892167
1892168
1892169
1893616
1893617
1893618
1893619
1893620
1893621
1893642
1893643
1893644
1893645
1895130
1895131
1895132
1895133
1895138
1895141
1895142
1896270
1896271
1896272
1896273
1896274
1896275
1896276
1896277
1896278
1896279
1896280
1896281
1896282
1896283
1896284
1896285
1896286
1896287
1896288
1896289
1896290
1896291
1896292
1896293
1896294
1896295
1896296
1896297
1896298
1896299