1303134
1303135
1304057
1309513
1311909
1313977
1313981
1315038
1315039
1319977
1320909
1323909
1328909
1331909
1331971
1334549
1336482
1336909
1336983
1339907
1339909
1339972
1351997
1356550
1356551
1356577
1357958
1357959
1364992
1367996
1367997
1377901
1377902
1380999
1389943
1389944
1399976
1399977
1500909
1502283
1502620
1502621
1510909
1519961
1519962
1520907
1520909
1529973
1529974
1529975
1530990
1569909
1580909
1589938
1590909
1599905
1599906
1860909
1880909
1899776
1899777
1899976
1899977