1300390
1300391
1300392
1300393
1300394
1300397
1300398
1300399
1301039
1301591
1301592
1301593
1301594
1301595
1302390
1302391
1302392
1302393
1302394
1302397
1302398
1302399
1303084
1303087
1303088
1303089
1304300
1304304
1304592
1304597
1305520
1305521
1305522
1305523
1305524
1305543
1305550
1305551
1305587
1305592
1306243
1306244
1306303
1306304
1306305
1306306
1306307
1306308
1306309
1307480
1307481
1307482
1307483
1307484
1307485
1307486
1307487
1307488
1307489
1310143
1311059
1311092
1311093
1312336
1312337
1312338
1312339
1312407
1312408
1312409
1312445
1315920
1315921
1315922
1315923
1315925
1315926
1315927
1316390
1316399
1316487
1316488
1316489
1317825
1317827
1317835
1319407
1319408
1319409
1320592
1321501
1321502
1321591
1321592
1321594
1322503
1322507
1322508
1322592
1322596
1323500
1323592
1325506
1325590
1325594
1325598
1327500
1327502
1327504
1327592
1327602
1327696
1328592
1328597
1329078
1329592
1330600
1330601
1330602
1330603
1330604
1330605
1331370
1331384
1331385
1331386
1332830
1332831
1332832
1332840
1332841
1332875
1332876
1332877
1332878
1332879
1333836
1333845
1333846
1334043
1334837
1334838
1334839
1335837
1335838
1335839
1336504
1336590
1336592
1337592
1337692
1337698
1338592
1339404
1339405
1339406
1339501
1339502
1339503
1339505
1339507
1339599
1340060
1340061
1340062
1340063
1340064
1340065
1340066
1340067
1340068
1340069
1340070
1340071
1340072
1340073
1340074
1340075
1340076
1340077
1340078
1340079
1345900
1345901
1345902
1345903
1345904
1345920
1345921
1345922
1345923
1345924
1345925
1345926
1345927
1345928
1345929
1351596
1351597
1355920
1355921
1355922
1355923
1355924
1355925
1355926
1355927
1355947
1355948
1355949
1359950
1359951
1359952
1359953
1359954
1359990
1359991
1359992
1360090
1360091
1360092
1360093
1360094
1360095
1360096
1360097
1360600
1360601
1360602
1360603
1360604
1360605
1360606
1360607
1360608
1360609
1360690
1360691
1360692
1360693
1360694
1361600
1361601
1361602
1361603
1361604
1361605
1361606
1362500
1362501
1364600
1364601
1364602
1364603
1365600
1365601
1365602
1365603
1366600
1366601
1366602
1366603
1366604
1366605
1366606
1366607
1366608
1366609
1369500
1369501
1369502
1369503
1369504
1369690
1369691
1369692
1369693
1369694
1369695
1369696
1369697
1369698
1369699
1372087
1372088
1372089
1377465
1377466
1377467
1377468
1377469
1377992
1377993
1377994
1377995
1377996
1377997
1377998
1377999
1379925
1379926
1379927
1379928
1379929
1379973
1379974
1379975
1379976
1379977
1379978
1379979
1379984
1380059
1380062
1380600
1380601
1380602
1380603
1380604
1380605
1380606
1380607
1380608
1380609
1385000
1385001
1385002
1385003
1385004
1385005
1385006
1385007
1385008
1385009
1385990
1385991
1385992
1385993
1385994
1385995
1385996
1385997
1385998
1385999
1386010
1386011
1386012
1386013
1386014
1386015
1386016
1386017
1386018
1386019
1386040
1386041
1386042
1386043
1386044
1386045
1386046
1386047
1386048
1386049
1390060
1390600
1390601
1390602
1390603
1390604
1390605
1395000
1395001
1395002
1395003
1395004
1395005
1395006
1395007
1395008
1395009
1395010
1395011
1395012
1395013
1395014
1395015
1395016
1395017
1395018
1395019
1395920
1395921
1395922
1395923
1395924
1395925
1395926
1395927
1395928
1395929
1506070
1506071
1506072
1506073
1506074
1506075
1506076
1506077
1506078
1506079
1508030
1508031
1508032
1508033
1508034
1510595
1510596
1510597
1510598
1510599
1515920
1515921
1515922
1515923
1515924
1515925
1515926
1515927
1515928
1515929
1516000
1516001
1516002
1516003
1516004
1516005
1516006
1516007
1516008
1516009
1516070
1516071
1516072
1516073
1516074
1525920
1525921
1525922
1525923
1525924
1525925
1525926
1525927
1525928
1525929
1526020
1526021
1526022
1526023
1526024
1528020
1528021
1528022
1528023
1528024
1528025
1528026
1528027
1528028
1528029
1530502
1530504
1530592
1530600
1530609
1530692
1530698
1533752
1534592
1534598
1560502
1560592
1560600
1560609
1560690
1560692
1560695
1560697
1565925
1565926
1565927
1565928
1565929
1565945
1565946
1565980
1565981
1565982
1565983
1565998
1566506
1566583
1566589
1566592
1566598
1569592
1570591
1570592
1571060
1571061
1571062
1571063
1571064
1571065
1571066
1571067
1571068
1571069
1571150
1571151
1571152
1571153
1571154
1571155
1571156
1571157
1571158
1571159
1580590
1580591
1580592
1580593
1580594
1585920
1585921
1585922
1585923
1585924
1585925
1585926
1585927
1585928
1585929
1586070
1586071
1586072
1586073
1586074
1586075
1586076
1586077
1586078
1586079
1588020
1588021
1588022
1588023
1588024
1588025
1588026
1588027
1588028
1588029
1595920
1595921
1595922
1595923
1595924
1595925
1595926
1595927
1595928
1595929
1595934
1595935
1595936
1595937
1595938
1595939
1595944
1595945
1596020
1596021
1596022
1596023
1596024
1596025
1596026
1596027
1596028
1596029
1596035
1596036
1596037
1596038
1596039
1596080
1596081
1596082
1596083
1596084
1598075
1598076
1598077
1598078
1598079
1598080
1598081
1598082
1598083
1598084
1598085
1598086
1598087
1598088
1598089
1598090
1598091
1598092
1598093
1598094
1598095
1598096
1598097
1598098
1598099
1598580
1598581
1598582
1598583
1598584
1598585
1598586
1598587
1598588
1598589
1860502
1860592
1860600
1860609
1860692
1880505
1880506
1880507
1880592
1885030
1885031
1885032
1885033
1885034
1885050
1885051
1885052
1885053
1885054
1885055
1885056
1885057
1885058
1885059
1885920
1885921
1885922
1885923
1885924
1885925
1885926
1885927
1885928
1885929
1890592
1890600
1890601
1890602
1890603
1890604
1890605
1895000
1895001
1895002
1895003
1895004
1895005
1895006
1895007
1895008
1895009
1895010
1895011
1895012
1895013
1895014
1895015
1895016
1895017
1895018
1895019
1895920
1895921
1895922
1895923
1895924
1895925
1895926
1895927
1895928
1895929
1896510
1896511
1896512
1896513
1896514
1896515
1896516
1896517
1896518
1896519
1896542
1896580
1896581
1896582
1896583
1896584
1896585
1896592