1300300
1300305
1300306
1300308
1301030
1301306
1301307
1301308
1301309
1302300
1302305
1302306
1302308
1303300
1303305
1303306
1303308
1303404
1303405
1303505
1303506
1303540
1304551
1305306
1305308
1305309
1306321
1306348
1306349
1307550
1307551
1307552
1307553
1307554
1307555
1307556
1307557
1307558
1307559
1308300
1308305
1308306
1308308
1308340
1308344
1308348
1308349
1308500
1308505
1308551
1309340
1309551
1313540
1313551
1314551
1315510
1315511
1315512
1315513
1315514
1315515
1315516
1315517
1315518
1315519
1317001
1317027
1319551
1320551
1320560
1320569
1321551
1321560
1321569
1322551
1322560
1322569
1322575
1322585
1322589
1327551
1327560
1327569
1327575
1327576
1327577
1327579
1327585
1327586
1327587
1327589
1328551
1328560
1328569
1329551
1329560
1329569
1330551
1330560
1330569
1330969
1332901
1332904
1333551
1333901
1333910
1333914
1333919
1333928
1333929
1334551
1334901
1334909
1334911
1334918
1334919
1334920
1334929
1335551
1335560
1335569
1335901
1336551
1336560
1336569
1336574
1336579
1338560
1338569
1339551
1339560
1339569
1339951
1339969
1347098
1347099
1348551
1348560
1348567
1348569
1348570
1348571
1348572
1348573
1348574
1350050
1350551
1350560
1350561
1350569
1351495
1351496
1351497
1351498
1351499
1351551
1351560
1351564
1351565
1351566
1360551
1360560
1360569
1361551
1361560
1361569
1362551
1363551
1363560
1363569
1363705
1363706
1363707
1363708
1363709
1364551
1364560
1364569
1365551
1365555
1365560
1365569
1366551
1366560
1366569
1367551
1367560
1368551
1369551
1369560
1369565
1369569
1369650
1369651
1369652
1369653
1369654
1370551
1370560
1370569
1372102
1372103
1372104
1372105
1372106
1372107
1372108
1372109
1372110
1372111
1373922
1373923
1373924
1373925
1373926
1373927
1373928
1373929
1380551
1380560
1380569
1385510
1385511
1385512
1385513
1385514
1385515
1385516
1385517
1385518
1385519
1385600
1385601
1385602
1385603
1385604
1385605
1385606
1385607
1385608
1385609
1385690
1385691
1385692
1385693
1385694
1385695
1385696
1385697
1385698
1385699
1386551
1386580
1386590
1386591
1386592
1386593
1386594
1386595
1386596
1386597
1386598
1386599
1386610
1386611
1386612
1386613
1386614
1386615
1386616
1386617
1386618
1386619
1386666
1386668
1386670
1386671
1386672
1386673
1386674
1386675
1386676
1386677
1386678
1386679
1390551
1390560
1390569
1390969
1395510
1395511
1395512
1395513
1395514
1395515
1395516
1395517
1395518
1395519
1395600
1395601
1395602
1395603
1395604
1395605
1395606
1395607
1395608
1395609
1395690
1395691
1395692
1395693
1395694
1395695
1395696
1395697
1395698
1395699
1396500
1396501
1396502
1396503
1396504
1396505
1396506
1396507
1396508
1396509
1396510
1396511
1396512
1396513
1396514
1396665
1396666
1396667
1396668
1396669
1396670
1396671
1396672
1396673
1396674
1396675
1396676
1396677
1396678
1396679
1500551
1500560
1505510
1505511
1505512
1505513
1505514
1505515
1505516
1505517
1505518
1505519
1505570
1505600
1505601
1505602
1505603
1505604
1505605
1505606
1505607
1505608
1505609
1505690
1505691
1505692
1505693
1505694
1505695
1505696
1505697
1505698
1505699
1507790
1507791
1507792
1510551
1510560
1510569
1515510
1515511
1515512
1515513
1515514
1515515
1515516
1515517
1515518
1515519
1515551
1515590
1515591
1515592
1515593
1515594
1515595
1515596
1515597
1515600
1515601
1515602
1515603
1515604
1515605
1515606
1515607
1515608
1515609
1515615
1515621
1515668
1515669
1515687
1515688
1515689
1515698
1515699
1520551
1520560
1520569
1521241
1521242
1521243
1521244
1521245
1521277
1521278
1521279
1521551
1521560
1521569
1522291
1524001
1524002
1524003
1525510
1525511
1525512
1525513
1525514
1525515
1525516
1525517
1525518
1525519
1525545
1525546
1525547
1525555
1525556
1525600
1525601
1525602
1525603
1525604
1525605
1525606
1525607
1525608
1525609
1525653
1525654
1525655
1525656
1525657
1525658
1525659
1525670
1525690
1525691
1525692
1525693
1525694
1525695
1525696
1525697
1525698
1525699
1530551
1530560
1530569
1530969
1533773
1533969
1534551
1534560
1534569
1550551
1550560
1550569
1555118
1555119
1555510
1555511
1555512
1555513
1555514
1555515
1555516
1555517
1555518
1555519
1555540
1555541
1555542
1555543
1555544
1555545
1555546
1555547
1555548
1555549
1555645
1555646
1555647
1555648
1555649
1555690
1555691
1555692
1555693
1555694
1555695
1555696
1555697
1555698
1555699
1560551
1560560
1560569
1560968
1560969
1565510
1565511
1565512
1565513
1565514
1565515
1565516
1565517
1565518
1565519
1565600
1565601
1565602
1565603
1565604
1565605
1565606
1565607
1565608
1565609
1565690
1565691
1565692
1565693
1565694
1565695
1565696
1565697
1565698
1565699
1566540
1566541
1566542
1566543
1566544
1566545
1566551
1566560
1566569
1567551
1569551
1569569
1580551
1580560
1580569
1585510
1585511
1585512
1585513
1585514
1585515
1585516
1585517
1585518
1585519
1585551
1585638
1585639
1585690
1585691
1585692
1585693
1585694
1585695
1585696
1585697
1585698
1585699
1590551
1590560
1590569
1592240
1592241
1592242
1592243
1592244
1595510
1595511
1595512
1595513
1595514
1595515
1595516
1595517
1595518
1595519
1595690
1595691
1595692
1595693
1595694
1595695
1595696
1595697
1595698
1595699
1860551
1865510
1865511
1865512
1865513
1865514
1865515
1865516
1865517
1865518
1865519
1880551
1880560
1880569
1885510
1885511
1885512
1885513
1885514
1885515
1885516
1885517
1885518
1885519
1890551
1890560
1890569
1890969
1895510
1895511
1895512
1895513
1895514
1895515
1895516
1895517
1895518
1895519
1895600
1895601