1303052
1303053
1303054
1303329
1304496
1304796
1308616
1309706
1309714
1309722
1311786
1311796
1312526
1312534
1312535
1313367
1313368
1313369
1313396
1313406
1313407
1315584
1315585
1315586
1317096
1317760
1317761
1317762
1317796
1318469
1319789
1319796
1320706
1320796
1321706
1321796
1323706
1323796
1324706
1324796
1325796
1326396
1330706
1330796
1331704
1331706
1331796
1331933
1332006
1332016
1334006
1334014
1336176
1336706
1336796
1338704
1338796
1339706
1339796
1340706
1340796
1342656
1342657
1343706
1343796
1347904
1347905
1347906
1347907
1347908
1347909
1347960
1347961
1347962
1347963
1347964
1347965
1347966
1347967
1347968
1347969
1350796
1351706
1351796
1357660
1357661
1357662
1357663
1357664
1357680
1357681
1357682
1357683
1357684
1357685
1357686
1357687
1357688
1357689
1360796
1361706
1361796
1362796
1364706
1364796
1365706
1365796
1366796
1367796
1368486
1368706
1368796
1369486
1369706
1369796
1369846
1370706
1370796
1375540
1375541
1375542
1375543
1375544
1375545
1375546
1375547
1375548
1375549
1376620
1376621
1376622
1376623
1376624
1376625
1376626
1376627
1376628
1376629
1380796
1387960
1387961
1387962
1387963
1387964
1387965
1387966
1387967
1387968
1387969
1390706
1390796
1397044
1397045
1397046
1397060
1397061
1397062
1397063
1397064
1397065
1397066
1397067
1397068
1397069
1397960
1397961
1397962
1397963
1397964
1397965
1397966
1397967
1397968
1397969
1500796
1507060
1507061
1507062
1507063
1507064
1507065
1507066
1507067
1507068
1507069
1507960
1507961
1507962
1507963
1507964
1507965
1507966
1507967
1507968
1507969
1510706
1510796
1517065
1517066
1517067
1517068
1517069
1517080
1517081
1517082
1517083
1517084
1517085
1517086
1517087
1517088
1517089
1517960
1517961
1517962
1517963
1517964
1517965
1517966
1517967
1517968
1517969
1520706
1520796
1521623
1521624
1521628
1521629
1527006
1527016
1527045
1527046
1527047
1527048
1527049
1527960
1527961
1527962
1527963
1527964
1527965
1527966
1527967
1527968
1527969
1527980
1527981
1527982
1527983
1527984
1529796
1530706
1530796
1534796
1550796
1557960
1557961
1557962
1557963
1557964
1557965
1557966
1557967
1557968
1560706
1560796
1567960
1567961
1567962
1567963
1567964
1567965
1567966
1567967
1567968
1567969
1569786
1569796
1580706
1580796
1587940
1587941
1587942
1587960
1587961
1587962
1587963
1587964
1587965
1587966
1587967
1587968
1587969
1590706
1590796
1594960
1594961
1594962
1594963
1594964
1594965
1594966
1594967
1594968
1594969
1597020
1597021
1597022
1597023
1597024
1597960
1597961
1597962
1597963
1597964
1597965
1597966
1597967
1597968
1597969
1860706
1860796
1880706
1880796
1887960
1887961
1887962
1887963
1887964
1887965
1887966
1887967
1887968
1887969
1889796
1890706
1890796
1897044
1897045
1897046
1897060
1897061
1897062
1897063
1897064
1897065
1897066
1897067
1897068
1897069
1897960
1897961
1897962
1897963
1897964
1897965
1897966
1897967
1897968
1897969