1303740
1303741
1303742
1303743
1308545
1308546
1310027
1310713
1310723
1310743
1311743
1313509
1313514
1313520
1314160
1314161
1314162
1314163
1314164
1317043
1317422
1317423
1320498
1320743
1321260
1321743
1323743
1325743
1329743
1330743
1331743
1331963
1332723
1333728
1334873
1334963
1335723
1336583
1336743
1337893
1338743
1339743
1339763
1340743
1346743
1346798
1346799
1346909
1348741
1348742
1348743
1348783
1350843
1351743
1357430
1357431
1357432
1357433
1357434
1357435
1357436
1357437
1357438
1357439
1361743
1362743
1363743
1370743
1373900
1373901
1373902
1373903
1373904
1376210
1376211
1376212
1376213
1376214
1376215
1376216
1378743
1378790
1378791
1378792
1378793
1378933
1390743
1397430
1397431
1397432
1397433
1397434
1397435
1397436
1397437
1397438
1397439
1500740
1500741
1500742
1500743
1507430
1507431
1507432
1507433
1507434
1507435
1507436
1507437
1507438
1507439
1508085
1508086
1508087
1508088
1508089
1510740
1510741
1510742
1510743
1510747
1510748
1510749
1517430
1517431
1517432
1517433
1517434
1517435
1517436
1517437
1517438
1517439
1520075
1520076
1520077
1520078
1520079
1520743
1527430
1527431
1527432
1527433
1527434
1527435
1527436
1527437
1527438
1527439
1530743
1534843
1557690
1557691
1557692
1557693
1557694
1557695
1557696
1557697
1557698
1557699
1560743
1561689
1567430
1567431
1567432
1567433
1567434
1567435
1567436
1567437
1567438
1567439
1569743
1580743
1587430
1587431
1587432
1587433
1587434
1587435
1587436
1587437
1587438
1587439
1589743
1590741
1590742
1590743
1597430
1597431
1597432
1597433
1597434
1860743
1860843
1880743
1887430
1887431
1887432
1887433
1887434
1887435
1887436
1887437
1887438
1887439
1890743
1897430
1897431
1897432
1897433
1897434
1897435
1897436
1897437
1897438
1897439