1303120
1304051
1307034
1309504
1310903
1311995
1313995
1317995
1319995
1320104
1323971
1323995
1327995
1328995
1330995
1331995
1334542
1336492
1336995
1339495
1339995
1356558
1356559
1356571
1357954
1357955
1364995
1369990
1369991
1369992
1377900
1389930
1389931
1389932
1390995
1399904
1399946
1399947
1399969
1500995
1500996
1502286
1502287
1502625
1502626
1510995
1516081
1516082
1516083
1516084
1516085
1520995
1527696
1529272
1529930
1529931
1529944
1529987
1529988
1529989
1530995
1560995
1580995
1590995
1860995
1880995
1889960
1890995
1899904
1899946
1899947
1899969