1300792
1300793
1301422
1301423
1301424
1303792
1303793
1303794
1307953
1307955
1307957
1309953
1309955
1313953
1313955
1313957
1319503
1319505
1319507
1320953
1320963
1323953
1325953
1325956
1325963
1325966
1328953
1328956
1329953
1329956
1330953
1330955
1332353
1332355
1336953
1338953
1338957
1340953
1346953
1346955
1346963
1351927
1351953
1351955
1361953
1361955
1362952
1363953
1363955
1364959
1370953
1370955
1389503
1389505
1389513
1389515
1389520
1389521
1389522
1389523
1389524
1389525
1389526
1389527
1389528
1389529
1389533
1389535
1389543
1389545
1389550
1389551
1389552
1389553
1389554
1389555
1389556
1389557
1389558
1389559
1390953
1390955
1399503
1399505
1399513
1399515
1399523
1399525
1399533
1399535
1399543
1399545
1500953
1500963
1510953
1510963
1512183
1512193
1520263
1520953
1520959
1520963
1522623
1522629
1529693
1529698
1530953
1530957
1534953
1534957
1559503
1559513
1559514
1559523
1559524
1559532
1559533
1559534
1559535
1559536
1559537
1559543
1559553
1560953
1560956
1569503
1569507
1580953
1580963
1582533
1590953
1590963
1860953
1860956
1880953
1889503
1890953
1899530
1899531
1899532
1899533
1899534
1899535
1899536
1899537
1899538
1899539