1303390
1303391
1303392
1303393
1303394
1303395
1303396
1303397
1304394
1308428
1308429
1310387
1310394
1313744
1313745
1313746
1313747
1313765
1313766
1313767
1313768
1313769
1314064
1314065
1314066
1314820
1314821
1314822
1314823
1314824
1314825
1314826
1314827
1314828
1314829
1318322
1318323
1319360
1319361
1319362
1319363
1319364
1321330
1321331
1321332
1321333
1321334
1322394
1322395
1324337
1324338
1324346
1325375
1325376
1325377
1325378
1325379
1327116
1327117
1327160
1327161
1327162
1327163
1327164
1327165
1327166
1327167
1327168
1327169
1327300
1327301
1327394
1328300
1328301
1328394
1330387
1330394
1332387
1332394
1333394
1334394
1334683
1334684
1334685
1335384
1335385
1335386
1335394
1338394
1339390
1339391
1339392
1339393
1339394
1340385
1340386
1340387
1340388
1340389
1340394
1346000
1346001
1346002
1346003
1346004
1346005
1346006
1346007
1346008
1346009
1346130
1346131
1346132
1346133
1346134
1346135
1346136
1346137
1346138
1346139
1350394
1350768
1351387
1352310
1352311
1352312
1352313
1352338
1352339
1352368
1352369
1352394
1352570
1352571
1352572
1352573
1352574
1352575
1352576
1352577
1352578
1352579
1352620
1352621
1352622
1352623
1352624
1352625
1352626
1352627
1352628
1352629
1359220
1359221
1359222
1359223
1359224
1359225
1359226
1359227
1359228
1359229
1360387
1360394
1360841
1360842
1360861
1361394
1361989
1362394
1362989
1363394
1363985
1364394
1364397
1365394
1366304
1366394
1367340
1367341
1367342
1367343
1367344
1367355
1367356
1367357
1367358
1367359
1367385
1367386
1367387
1367388
1367394
1368394
1369394
1370082
1370387
1370394
1370762
1374940
1374941
1374942
1374943
1374944
1374945
1374946
1378120
1378121
1378122
1378123
1378124
1378125
1378126
1378127
1378128
1378129
1378394
1380394
1383860
1383861
1383862
1383863
1383864
1383865
1383866
1383867
1383868
1383869
1383940
1383941
1383942
1383943
1383944
1383945
1383946
1383947
1383948
1383949
1384940
1384941
1384942
1384943
1384944
1384945
1384946
1390387
1390394
1393804
1393805
1393806
1393807
1393808
1393809
1393940
1393941
1393942
1393943
1393944
1393945
1393946
1393947
1393948
1393949
1394995
1394996
1394997
1394998
1394999
1500394
1503640
1503641
1503642
1503643
1503644
1503680
1503681
1503682
1503683
1503684
1503940
1503941
1503942
1503943
1503944
1503945
1503946
1503947
1503948
1503949
1503990
1503991
1503992
1503993
1503994
1508315
1508316
1508317
1508318
1508319
1513820
1513821
1513822
1513823
1513824
1513825
1513826
1513827
1513828
1513829
1513830
1513831
1513832
1513833
1513834
1513835
1513836
1513837
1513838
1513839
1513940
1513941
1513942
1513943
1513944
1513945
1513946
1513947
1513948
1513949
1520394
1522495
1522496
1522497
1522498
1522499
1522570
1522571
1522572
1522573
1522574
1522575
1522576
1522577
1522578
1522579
1523845
1523846
1523847
1523848
1523849
1523875
1523876
1523877
1523878
1523879
1523880
1523881
1523882
1523883
1523884
1523885
1523886
1523887
1523888
1523889
1523940
1523941
1523942
1523943
1523944
1523945
1523946
1523947
1523948
1523949
1529000
1529001
1529002
1529003
1529004
1529005
1529006
1529007
1529008
1529009
1529060
1529061
1529062
1529063
1529064
1529065
1529066
1529067
1529068
1529069
1529475
1529476
1529477
1529478
1529479
1529495
1529496
1529497
1529498
1529499
1530390
1530394
1533387
1533388
1533389
1533394
1534394
1534604
1534605
1534606
1534607
1534608
1534609
1551434
1551440
1551441
1551442
1551443
1551444
1551445
1551446
1551460
1551461
1551462
1551463
1551670
1551671
1551672
1551673
1551674
1551675
1551676
1551677
1551678
1551679
1551740
1551741
1551742
1551743
1551744
1551745
1551746
1551747
1551748
1551749
1551800
1551801
1551802
1551803
1551804
1551805
1551806
1551807
1551808
1551809
1551810
1551811
1551812
1551813
1551814
1551815
1551816
1551817
1551818
1551819
1551840
1551841
1551842
1551843
1551844
1551845
1551846
1551847
1551848
1551849
1553860
1553861
1553862
1553863
1553864
1553865
1553866
1553867
1553868
1553869
1553940
1553941
1553942
1553943
1553944
1553945
1553946
1553947
1553948
1553949
1560394
1563800
1563801
1563802
1563803
1563804
1563805
1563806
1563807
1563808
1563809
1563940
1563941
1563942
1563943
1563944
1563945
1563946
1563947
1563948
1563949
1564995
1564996
1564997
1564998
1564999
1566433
1566434
1567083
1567084
1567089
1569081
1569082
1580394
1583620
1583621
1583622
1583623
1583624
1583625
1583626
1583627
1583628
1583629
1583860
1583861
1583862
1583863
1583864
1583865
1583866
1583867
1583868
1583869
1583940
1583941
1583942
1583943
1583944
1583945
1583946
1583947
1583948
1583949
1589050
1589051
1589052
1589053
1589054
1589055
1589056
1589057
1589058
1589059
1589360
1589361
1589362
1589363
1589364
1589365
1589366
1589367
1589368
1589369
1589670
1589671
1589672
1589673
1589674
1589675
1589676
1589677
1589678
1589679
1590394
1593600
1593601
1593602
1593603
1593604
1593605
1593606
1593607
1593608
1593609
1593690
1593691
1593692
1593693
1593694
1593695
1593696
1593697
1593698
1593699
1593860
1593861
1593862
1593863
1593864
1593865
1593866
1593867
1593868
1593869
1593940
1593941
1593942
1593943
1593944
1593945
1593946
1593947
1593948
1593949
1599320
1599321
1599322
1599323
1599324
1599325
1599326
1599327
1599328
1599329
1599415
1599416
1599417
1599418
1599419
1860387
1860388
1860394
1863770
1863771
1863772
1863773
1880394
1883940
1883941
1883942
1883943
1883944
1883945
1883946
1883947
1883948
1883949
1890387
1890394
1893943
1893944
1893945
1893946
1893947
1893948
1893949
1893960
1893961
1893962