1301511
1301512
1301951
1301952
1302040
1303040
1303041
1303042
1308470
1308850
1308851
1308852
1308853
1308854
1308855
1313470
1313490
1313491
1313492
1313493
1313494
1313495
1313496
1313497
1314528
1315090
1315470
1317114
1317115
1317116
1317117
1317118
1317119
1319076
1319077
1319097
1319098
1319099
1319130
1319131
1319132
1319133
1319134
1320470
1320486
1321470
1321498
1321499
1323470
1324084
1324085
1324598
1324599
1327470
1329470
1330470
1331470
1331480
1331481
1331483
1332700
1332701
1334700
1334701
1334702
1334703
1334704
1335470
1335480
1335481
1338470
1339470
1339480
1339481
1530470
1532670
1532680
1533270
1533280
1533290
1533470
1533480
1533481
1533490
1533491
1533560
1554006
1554007
1554008
1554009
1554047
1554048
1554049
1554057
1554058
1554059
1554700
1554701
1554702
1554703
1554704
1554705
1554706
1554707
1554708
1554709
1554800
1554801
1554802
1554803
1554804
1554805
1556067
1556068
1556069
1556070
1556071
1556072
1556073
1556074
1556075
1556076
1559889
1559890
1559891
1559892
1559893
1560470
1564700
1564701
1564702
1564703
1564704
1564705
1564706
1564707
1564708
1564709
1564800
1564801
1564802
1564803
1564804
1564805
1564806
1564807
1564808
1564809
1564835
1564836
1564837
1564838
1564839
1569093
1569470
1860470
1860480
1860481
1890470
1894700
1894701
1894702
1894703
1894704
1894755
1894756
1894757
1894758
1894759
1894770