1300950
1300951
1300952
1301095
1301500
1301501
1301502
1301510
1301520
1301521
1301522
1301950
1302950
1302951
1302952
1303471
1303950
1303951
1303952
1307470
1307471
1307472
1307473
1307474
1307475
1307476
1307477
1307478
1307479
1308020
1308150
1308151
1308152
1308471
1308710
1308711
1308712
1309069
1313471
1315471
1315480
1315481
1315487
1315488
1317100
1317101
1317102
1317103
1317104
1317105
1317106
1317107
1317108
1317109
1317140
1317141
1317142
1319050
1319051
1319052
1319053
1319054
1319055
1319060
1319140
1319141
1319142
1319143
1320471
1320480
1321400
1321401
1321402
1321403
1321405
1321406
1321408
1321409
1321471
1323471
1323840
1323841
1323842
1323843
1323844
1324087
1324088
1324510
1324511
1326004
1327471
1327480
1327481
1329471
1329480
1329481
1329690
1330471
1331471
1331487
1331488
1331489
1332710
1332711
1332712
1333710
1333711
1333712
1334710
1334711
1334712
1334713
1334714
1334715
1334716
1335471
1335487
1335488
1335489
1338471
1338487
1338488
1338489
1339471
1339489
1340480
1340481
1340483
1340484
1345131
1345134
1347470
1347471
1347473
1347480
1347481
1347483
1347491
1348471
1348851
1348854
1348857
1350061
1350069
1351471
1351481
1360471
1361471
1361481
1362471
1362481
1362484
1363471
1364471
1364481
1364484
1364488
1365471
1365481
1365488
1366471
1366474
1366478
1366481
1366488
1367471
1367474
1367475
1367478
1367481
1367482
1367483
1367484
1367485
1367488
1368471
1368474
1368475
1368478
1369471
1370471
1370475
1370478
1372204
1372211
1373471
1373481
1373484
1373991
1373998
1374710
1374711
1374712
1374713
1374714
1374715
1374716
1374717
1374718
1374719
1374810
1374811
1374812
1374813
1374814
1374815
1374816
1374817
1374818
1374819
1375401
1375409
1375411
1378941
1378951
1378961
1380471
1380474
1384710
1384711
1384712
1384713
1384714
1384715
1384716
1384717
1384718
1384719
1384810
1384811
1384812
1384813
1384814
1384815
1384816
1384817
1384818
1384819
1384841
1384851
1384861
1384871
1384881
1384891
1390004
1390040
1390471
1394710
1394711
1394712
1394713
1394714
1394715
1394716
1394717
1394718
1394719
1394810
1394811
1394812
1394819
1394831
1394841
1394843
1394851
1394853
1394861
1394871
1394881
1394891
1500471
1502490
1502491
1502492
1502493
1502494
1502495
1502496
1502497
1502498
1502499
1503477
1503478
1503479
1503490
1503491
1503492
1503493
1503494
1503495
1503496
1503497
1503498
1503499
1504711
1504780
1504781
1504782
1504783
1504784
1504785
1504786
1504787
1504788
1504799
1504835
1504836
1504910
1504911
1504912
1504913
1504914
1504915
1504916
1504917
1504918
1504919
1510471
1512470
1512471
1512472
1512473
1512474
1512475
1512476
1512477
1512478
1512479
1514710
1514711
1514712
1514713
1514714
1514715
1514716
1514717
1514718
1514719
1514800
1514801
1514802
1514803
1514804
1514805
1514806
1514807
1514808
1514809
1514900
1518470
1518471
1518472
1518473
1518474
1518475
1518476
1518477
1518478
1520471
1524710
1524711
1524712
1524713
1524714
1524715
1524716
1524717
1524718
1524719
1524800
1524801
1524802
1524803
1524804
1524805
1524806
1524807
1524808
1524809
1524810
1524811
1524812
1524813
1524814
1524815
1524816
1524817
1524818
1524819
1530471
1532600
1532601
1532602
1532603
1532604
1532605
1532606
1532607
1532608
1532609
1532671
1533103
1533271
1533281
1533291
1533471
1533555
1533556
1533557
1533558
1554070
1554071
1554072
1554073
1554074
1554075
1554076
1554093
1554094
1554095
1554096
1554097
1554098
1554099
1554710
1554711
1554712
1554713
1554714
1554715
1554716
1554717
1554718
1554719
1554832
1554833
1554834
1554835
1554836
1554870
1554871
1554872
1554873
1554874
1554875
1554876
1554877
1554878
1554879
1554880
1554881
1554882
1554883
1554884
1554885
1554886
1554887
1556077
1556078
1556079
1556080
1556081
1556082
1556083
1556084
1556085
1556086
1556087
1556088
1556089
1556090
1556091
1556092
1556093
1556094
1556095
1556096
1556097
1556098
1556099
1556100
1556101
1556102
1556103
1556104
1556105
1556106
1556107
1556108
1556109
1556110
1556111
1556112
1556113
1556114
1556115
1556116
1556117
1556118
1559800
1559801
1559802
1559803
1559804
1559805
1559806
1559807
1559808
1559809
1559810
1559811
1559812
1559813
1559814
1559815
1559816
1559817
1559818
1559819
1559820
1559821
1559822
1559823
1559824
1559825
1559826
1559827
1559828
1559829
1560471
1564710
1564711
1564712
1564713
1564714
1564715
1564716
1564717
1564718
1564719
1564810
1564811
1564812
1564813
1564814
1564815
1564816
1564817
1564818
1564819
1566100
1566101
1566102
1566103
1566104
1566105
1566106
1566107
1566108
1566109
1566110
1566111
1566112
1566113
1566114
1566115
1566116
1566117
1566118
1566119
1566120
1566121
1566122
1566123
1566124
1566125
1566126
1566127
1566128
1566129
1569091
1569099
1569471
1580471
1580488
1584710
1584711
1584712
1584713
1584714
1584715
1584716
1584717
1584718
1584719
1584766
1584767
1584768
1584775
1584776
1584777
1584778
1584810
1584811
1584812
1584813
1584814
1584815
1584816
1584817
1584818
1584819
1584837
1584838
1584839
1584890
1584891
1584892
1584893
1584894
1584910
1584911
1584912
1584913
1584914
1584915
1584916
1584917
1584918
1584919
1584932
1584933
1584934
1584935
1584936
1584937
1584938
1584939
1590471
1590481
1590487
1590488
1590489
1592441
1592451
1593491
1594701
1594703
1594711
1594713
1594721
1594731
1594741
1594751
1594761
1594771
1594941
1594947
1860471
1860488
1864710
1864711
1864712
1864713
1864714
1864715
1880471
1884710
1890471
1894710
1894711
1894712
1894713
1894714
1894715
1894716
1894717
1894718
1894719
1894791
1894792
1894793
1894794
1894795
1894796