1304049
1307007
1307008
1309409
1311903
1313976
1315043
1317989
1319976
1320903
1323974
1323976
1323980
1323981
1327903
1328901
1328903
1328907
1331903
1331979
1334538
1336489
1336903
1339903
1339979
1356549
1356552
1356553
1357968
1357969
1364994
1366757
1366758
1369930
1369931
1369932
1377919
1377928
1377929
1389945
1389946
1389947
1399905
1399943
1399965
1500140
1500141
1500142
1500143
1500144
1500145
1500150
1500151
1500152
1500153
1500154
1500903
1500904
1500905
1502613
1502614
1510903
1510990
1519923
1519924
1519925
1519926
1519927
1519928
1519929
1519941
1519970
1519971
1519972
1519973
1519974
1519975
1519976
1519977
1519978
1519979
1520900
1520903
1521490
1521491
1521492
1521493
1521494
1527600
1527659
1529266
1529267
1529268
1529269
1529270
1529271
1529280
1529281
1529282
1529283
1529284
1529295
1529296
1529297
1529298
1529299
1534995
1559960
1559970
1559980
1559993
1569903
1569931
1569943
1580903
1588687
1589409
1590903
1599903
1599904
1599937
1599938
1860903
1880903
1899753
1899765
1899905
1899943
1899965