1300141
1300181
1300184
1301143
1301144
1301150
1301151
1301152
1301201
1301217
1301219
1301328
1301431
1301432
1302088
1302141
1302181
1302184
1303150
1303151
1303152
1303153
1303154
1303155
1303156
1303157
1303158
1304000
1304001
1304002
1304003
1304004
1304005
1304006
1304007
1304008
1304009
1304314
1304315
1308045
1308048
1308113
1308114
1308115
1308116
1308117
1308118
1308119
1309104
1309105
1309106
1309107
1309108
1310260
1310261
1310262
1310263
1310264
1310265
1310266
1310267
1310268
1310269
1310305
1310315
1310325
1311144
1311145
1311146
1311147
1311148
1311149
1313150
1313151
1313152
1313153
1313154
1313155
1313156
1313157
1313158
1313159
1316654
1316658
1317150
1317151
1317152
1317181
1317184
1318016
1318017
1318018
1318019
1318040
1318041
1318042
1318479
1318491
1318499
1319174
1319175
1319176
1319177
1319178
1322315
1322316
1322317
1322318
1322319
1322932
1322935
1322990
1323050
1323051
1323052
1323053
1323054
1323055
1323056
1323057
1323058
1323059
1323080
1323081
1323082
1323083
1323084
1323085
1323086
1323087
1323088
1323089
1323150
1323151
1323152
1323153
1323154
1323155
1323156
1323157
1323158
1323159
1324263
1324264
1327350
1327351
1327352
1327353
1327354
1327355
1327356
1327357
1327358
1327359
1329045
1329053
1329055
1329064
1329065
1329240
1329241
1329242
1329243
1329244
1329245
1329246
1329247
1329248
1329249
1329250
1329251
1329252
1329253
1329254
1329255
1329256
1329257
1329258
1329259
1330305
1330315
1330324
1330325
1330334
1331305
1331315
1331325
1331329
1331550
1331551
1331552
1331553
1331554
1331555
1331556
1331557
1331558
1331559
1332305
1332315
1332325
1332329
1333305
1333315
1333325
1333329
1334305
1334315
1334325
1334329
1336315
1336320
1336321
1336322
1336323
1336324
1336325
1336326
1336327
1336328
1336329
1336336
1336337
1336338
1336339
1337305
1337315
1337325
1337329
1337345
1337355
1337357
1337359
1338305
1338315
1338324
1338325
1338334
1339305
1339315
1339325
1340045
1340240
1340241
1340242
1340243
1340244
1340245
1340246
1340247
1340315
1340325
1340335
1346315
1346350
1346351
1346352
1346353
1346354
1346355
1346356
1346357
1346358
1346359
1347290
1347291
1347292
1347293
1347294
1347295
1347296
1347297
1347298
1347315
1347344
1347346
1347347
1347350
1347351
1347352
1347353
1347354
1347355
1347356
1347357
1347358
1347359
1347389
1347390
1347391
1347392
1347393
1348294
1348348
1348350
1348351
1348352
1348353
1348354
1348355
1348356
1348357
1348374
1348375
1348390
1350315
1350325
1350337
1351304
1351305
1351306
1351307
1351315
1351325
1351333
1351339
1351344
1351345
1358250
1358251
1358252
1358253
1358254
1358255
1358256
1358257
1358258
1358259
1358265
1358284
1358285
1358287
1358288
1358289
1358290
1358291
1358292
1358293
1358294
1358295
1360315
1360325
1360329
1360337
1360338
1361315
1361323
1361325
1361333
1362315
1362325
1362333
1363315
1363325
1363330
1363334
1363336
1364315
1365315
1365325
1366315
1366320
1366325
1366329
1366335
1366336
1366337
1367315
1367325
1367329
1370035
1370315
1370324
1370325
1370334
1370337
1370338
1372250
1372251
1372252
1372253
1373049
1373050
1373051
1373150
1373151
1373152
1373153
1373154
1373155
1373156
1373325
1373333
1373982
1373983
1373984
1373985
1373986
1373987
1373988
1373989
1375445
1375450
1375454
1375455
1378025
1378045
1378050
1378053
1378055
1378409
1378410
1378414
1378444
1378460
1378461
1378462
1378463
1378464
1378465
1378466
1378467
1378468
1378469
1378509
1378550
1378551
1378552
1378553
1378554
1378555
1378556
1378557
1380315
1380330
1380331
1380332
1383150
1383151
1383152
1383153
1383154
1383155
1383156
1383157
1383158
1383159
1383250
1383251
1383252
1383253
1383254
1383255
1383256
1383257
1383258
1383259
1383280
1383281
1383282
1383283
1383284
1383285
1383286
1383287
1383288
1383289
1383290
1383291
1383292
1383293
1383294
1383295
1383296
1383297
1383298
1383299
1390315
1390325
1390337
1390338
1393050
1393051
1393052
1393053
1393054
1393055
1393056
1393057
1393058
1393059
1393143
1393144
1393145
1393146
1393147
1393148
1393149
1393150
1393151
1393152
1393153
1393154
1393155
1393156
1393157
1393158
1393159
1393250
1393251
1393252
1393253
1393254
1393255
1393256
1393257
1393258
1393259
1393330
1393331
1393332
1393333
1393334
1393335
1393336
1393337
1393338
1393339
1393340
1393341
1393342
1393343
1393344
1393345
1393346
1393347
1393348
1393349
1500315
1500325
1502745
1502746
1502747
1502748
1502749
1502750
1502751
1502752
1502753
1502754
1502755
1502756
1502757
1502758
1502759
1502760
1502761
1502762
1502763
1502764
1502765
1502766
1502767
1502768
1502769
1503050
1503051
1503052
1503053
1503054
1503055
1503056
1503057
1503058
1503059
1503144
1503150
1503151
1503152
1503153
1503154
1503155
1503156
1503157
1503158
1503159
1503186
1503187
1503188
1503241
1503242
1503243
1503250
1503251
1503252
1503253
1503254
1503255
1503256
1503257
1503258
1503259
1503290
1503291
1503292
1503293
1503294
1503295
1503296
1503297
1503298
1503299
1503315
1503331
1503332
1503333
1503334
1503337
1503338
1503339
1503345
1503346
1503347
1503348
1503349
1503390
1503391
1503392
1503393
1503394
1503395
1503396
1503397
1503398
1503399
1507545
1507550
1507551
1507552
1507553
1507554
1507555
1507556
1507557
1507558
1507559
1507621
1507622
1507623
1507624
1507645
1507650
1507651
1507652
1507653
1507654
1507655
1507656
1507657
1507658
1507659
1508145
1508150
1508151
1508152
1508153
1508154
1508155
1508156
1508157
1508158
1508159
1508164
1508165
1508190
1508191
1508192
1508193
1508194
1508195
1508196
1508197
1508198
1508199
1509750
1509751
1509752
1509753
1509754
1509755
1509756
1509757
1509758
1509759
1510050
1510051
1510052
1510053
1510054
1510055
1510056
1510057
1510058
1510059
1510250
1510251
1510252
1510253
1510254
1510255
1510256
1510257
1510258
1510259
1510315
1510325
1512740
1512741
1512742
1512743
1512744
1512745
1512746
1512747
1512750
1512751
1512752
1512753
1512754
1512755
1512756
1512757
1512758
1512759
1512880
1512881
1512882
1512883
1512884
1512885
1512886
1513050
1513051
1513052
1513053
1513054
1513055
1513056
1513057
1513058
1513059
1513150
1513151
1513152
1513153
1513154
1513155
1513156
1513157
1513158
1513159
1513160
1513250
1513251
1513252
1513253
1513254
1513255
1513256
1513257
1513258
1513259
1513344
1513345
1513346
1513390
1513391
1513392
1513393
1513394
1513395
1513396
1513397
1513398
1513399
1517549
1517550
1517551
1517552
1517553
1517554
1517555
1517556
1517557
1517558
1517559
1517560
1517561
1517562
1517563
1517564
1517650
1517651
1517652
1517653
1517654
1517655
1517656
1517657
1517658
1517659
1517660
1517661
1517662
1517663
1517664
1517665
1517666
1517667
1517668
1517669
1517670
1517671
1517672
1517673
1520315
1520325
1522776
1522777
1522778
1522779
1523050
1523051
1523052
1523053
1523054
1523055
1523056
1523057
1523058
1523059
1523090
1523091
1523092
1523093
1523094
1523095
1523096
1523097
1523098
1523099
1523150
1523151
1523152
1523153
1523154
1523155
1523156
1523157
1523158
1523159
1523240
1523241
1523242
1523243
1523244
1523245
1523246
1523247
1523248
1523249
1523250
1523251
1523252
1523253
1523254
1523255
1523256
1523257
1523258
1523259
1523260
1523261
1523262
1523263
1523264
1523265
1523266
1523267
1523268
1523269
1523270
1523271
1523272
1523273
1523274
1523275
1523276
1523277
1523278
1523279
1523315
1523325
1523330
1523331
1523332
1523333
1523334
1523335
1523336
1523337
1523338
1523339
1524340
1524341
1524342
1524343
1524344
1528424
1528425
1530315
1530324
1530325
1532402
1532405
1532412
1532415
1532422
1532425
1532432
1532435
1533315
1533325
1533328
1551150
1551151
1551152
1551153
1551154
1551155
1551156
1551157
1551158
1551159
1551190
1551191
1551192
1551193
1551194
1551195
1551196
1551200
1551201
1551202
1551203
1551204
1551250
1551251
1551252
1551253
1551254
1551255
1551256
1551257
1551258
1551259
1553035
1553050
1553051
1553052
1553053
1553054
1553055
1553056
1553057
1553058
1553059
1553080
1553081
1553082
1553083
1553084
1553085
1553086
1553087
1553088
1553089
1553150
1553151
1553152
1553153
1553154
1553155
1553156
1553157
1553158
1553159
1553250
1553251
1553252
1553253
1553254
1553255
1553256
1553257
1553258
1553259
1553315
1553335
1553345
1553346
1553347
1553348
1553349
1553355
1553356
1553357
1553358
1553359
1553385
1553386
1553387
1553388
1553389
1554460
1554461
1554462
1554463
1554464
1554465
1554466
1554467
1554468
1554469
1560315
1561250
1561251
1561252
1561253
1561254
1561255
1561256
1561257
1561258
1561259
1561285
1561286
1561287
1561288
1561289
1561340
1561341
1561342
1561343
1561344
1561345
1561346
1561347
1561348
1561349
1561350
1561351
1561352
1561353
1561354
1561355
1561356
1561357
1561358
1561359
1561380
1561381
1561382
1561383
1561384
1561385
1561386
1561387
1561388
1561389
1561450
1561451
1561452
1561453
1561454
1561455
1561456
1561457
1561458
1561459
1563050
1563051
1563052
1563053
1563054
1563055
1563056
1563057
1563058
1563059
1563150
1563151
1563152
1563153
1563154
1563155
1563156
1563157
1563158
1563159
1563250
1563251
1563252
1563253
1563254
1563255
1563256
1563257
1563258
1563259
1563280
1563281
1563282
1563283
1563284
1563315
1563330
1563331
1563332
1563333
1563334
1563335
1563336
1563337
1563338
1563339
1563340
1563341
1563342
1563343
1563344
1563345
1563346
1563347
1563348
1563349
1563360
1563361
1563362
1563363
1563364
1563390
1563391
1563392
1563393
1563394
1563395
1563396
1563397
1563398
1563399
1569045
1569050
1569051
1569052
1569053
1569054
1569055
1569056
1569495
1569496
1580315
1580325
1583045
1583050
1583051
1583052
1583053
1583054
1583055
1583056
1583057
1583058
1583150
1583250
1583251
1583252
1583253
1583254
1583255
1583256
1583257
1583258
1583259
1583315
1583325
1583345
1583346
1583347
1583350
1583351
1583352
1583353
1583354
1583355
1583356
1583357
1583358
1583359
1583381
1590315
1590325
1593044
1593045
1593050
1593051
1593052
1593053
1593054
1593055
1593056
1593057
1593058
1593084
1593085
1593089
1593095
1593145
1593148
1593150
1593151
1593152
1593153
1593154
1593155
1593156
1593157
1593158
1593159
1593190
1593191
1593192
1593193
1593200
1593205
1593208
1593215
1593225
1593250
1593251
1593252
1593253
1593254
1593255
1593256
1593257
1593258
1593259
1593304
1593305
1593315
1593325
1593340
1593341
1593342
1860315
1860325
1863150
1863151
1863152
1863153
1863154
1863155
1863156
1863157
1863158
1863159
1880315
1880325
1883150
1883151
1883152
1883153
1883154
1883155
1883156
1883157
1883158
1883159
1883250
1883251
1883252
1883253
1883254
1883255
1883256
1883257
1883258
1883259
1883330
1883331
1883332
1883333
1883334
1883335
1883336
1883337
1883338
1883339
1890315
1890325
1890337
1890338
1893143
1893144
1893145
1893146
1893147
1893148
1893149
1893150
1893151
1893152
1893153
1893154
1893155
1893156
1893157
1893158
1893159