1302963
1303128
1303129
1304048
1307004
1307005
1309515
1309519
1311998
1312396
1313975
1313998
1315029
1315041
1315044
1317998
1319973
1319998
1320105
1320118
1320119
1320907
1323901
1323970
1323972
1323987
1323998
1327901
1327970
1327971
1327972
1327973
1327981
1327982
1327984
1327985
1327986
1327987
1327988
1327989
1327990
1327998
1328998
1330998
1331998
1332552
1334534
1336474
1336488
1336989
1336998
1337974
1337975
1339977
1339978
1339998
1356537
1356538
1356539
1356565
1356566
1356567
1357905
1357906
1357907
1357908
1357909
1357930
1357931
1357932
1357933
1357934
1361998
1362998
1365750
1365751
1365753
1365754
1365755
1370998
1377948
1377949
1377962
1377971
1377972
1377973
1377984
1377988
1377989
1389910
1389911
1389912
1389913
1389914
1389915
1389916
1389917
1389918
1389919
1390998
1399908
1399909
1399963
1399964
1500146
1500147
1500148
1500149
1500155
1500307
1500308
1500309
1500994
1500998
1500999
1502630
1502631
1502632
1502633
1502634
1509900
1509901
1509902
1509939
1510904
1510905
1510998
1519930
1519931
1519932
1519933
1519934
1519935
1519980
1519981
1519982
1519983
1519984
1519985
1519986
1519987
1519988
1519989
1520906
1520998
1521495
1521496
1521497
1521498
1521499
1527601
1527602
1527603
1527604
1527605
1527606
1527607
1527608
1527609
1527610
1527611
1527612
1527613
1527644
1527645
1527693
1527694
1527695
1529290
1529291
1529292
1529293
1529294
1529951
1529952
1529953
1530998
1533797
1559983
1559984
1559985
1559986
1559987
1559988
1559991
1559992
1559994
1559998
1560998
1569944
1569945
1569946
1569947
1580904
1580998
1588688
1588689
1589400
1589401
1589402
1589403
1589404
1589405
1589406
1589407
1589408
1590904
1590998
1599923
1599924
1599930
1599931
1599932
1860904
1860998
1880998
1890998
1899763
1899764
1899774
1899775
1899785
1899908
1899909
1899963
1899964