1300981
1300982
1300983
1300990
1301907
1301908
1301977
1302981
1302982
1302983
1302990
1303980
1303981
1303982
1303983
1303984
1303985
1303986
1303987
1303988
1304539
1304549
1305420
1305421
1305422
1305423
1305904
1305905
1305906
1305907
1305908
1305909
1306960
1306961
1306962
1306964
1306965
1306966
1306967
1306969
1306974
1308900
1308901
1308902
1308903
1308904
1308905
1308906
1308907
1308908
1309140
1309141
1309142
1309166
1309167
1309168
1309169
1310089
1310159
1310164
1310409
1310459
1311459
1311539
1311542
1311543
1311544
1311549
1311559
1311567
1312459
1312594
1312599
1313459
1313680
1313681
1313682
1313683
1313684
1313685
1314459
1314465
1314959
1314965
1315459
1315981
1315982
1315983
1315994
1315999
1316352
1316353
1316354
1316355
1319459
1319904
1319905
1319906
1319907
1319908
1319909
1319940
1319941
1320459
1320680
1320681
1320682
1320683
1320684
1320685
1320844
1320845
1320846
1320847
1320848
1321289
1321459
1322457
1322458
1322459
1323459
1323490
1323491
1323492
1324459
1324469
1325159
1325166
1325863
1325864
1325865
1326358
1326359
1326364
1326365
1327459
1327465
1328409
1328459
1328466
1328490
1329877
1330369
1330459
1330469
1330486
1330489
1331459
1332939
1332947
1332949
1332950
1332959
1333939
1333947
1333949
1333950
1333959
1334939
1334947
1334949
1334950
1334959
1335109
1335118
1335119
1335129
1335139
1335149
1335169
1335174
1335175
1335179
1335184
1335185
1335189
1335199
1335259
1335459
1335950
1335959
1335960
1335961
1335980
1335981
1335982
1335983
1338459
1339459
1339463
1339464
1339465
1339466
1350459
1350465
1350466
1350467
1350489
1355549
1355550
1355551
1355552
1355553
1355554
1355555
1355556
1355557
1360459
1360464
1360465
1360466
1360467
1360489
1361459
1361464
1361465
1361466
1362459
1362466
1363457
1363459
1363466
1363489
1364459
1364469
1366459
1366466
1367459
1368459
1369459
1369460
1370459
1370465
1370466
1370467
1370489
1373455
1373456
1373457
1373458
1373459
1374590
1374591
1374592
1374593
1374594
1374595
1374596
1374597
1374598
1374599
1376650
1376677
1376678
1376679
1379659
1379698
1379699
1380464
1380465
1380466
1380467
1380468
1380469
1383670
1383671
1383672
1383673
1383674
1383675
1383676
1383677
1383678
1383679
1383680
1383681
1383682
1383683
1383684
1383685
1383686
1383687
1383688
1383689
1383690
1383691
1383692
1383693
1383694
1383695
1383696
1383697
1383698
1383699
1384590
1384591
1384592
1384593
1384594
1384595
1384596
1384597
1384598
1384599
1390369
1390459
1390469
1390486
1390489
1393670
1393671
1393672
1393673
1393674
1393675
1393676
1393677
1393678
1393679
1393680
1393681
1393682
1393683
1393684
1393685
1393686
1393687
1393688
1393689
1393690
1393691
1393692
1393693
1393694
1393695
1393696
1393697
1393698
1393699
1394560
1394561
1394562
1394590
1394591
1394592
1394593
1394594
1394595
1394596
1394597
1394598
1394599
1394690
1394691
1394692
1394693
1394694
1394695
1394696
1394697
1394698
1394699
1500457
1500458
1500459
1504587
1504588
1504589
1504590
1504591
1504592
1504593
1504594
1504595
1504596
1504597
1504598
1504599
1504688
1504689
1514592
1514593
1514594
1514595
1514596
1514597
1514598
1514599
1514634
1514635
1514636
1514637
1516452
1516453
1516454
1516455
1516456
1516457
1516458
1516459
1520459
1521459
1521460
1521461
1524590
1524591
1524592
1524593
1524594
1524595
1524596
1524597
1524598
1524599
1524600
1524601
1524602
1524603
1524604
1524605
1524606
1524607
1524608
1524609
1524610
1524611
1524612
1524613
1524614
1524615
1524616
1524617
1524618
1524619
1530369
1530459
1530469
1530486
1530489
1532659
1532667
1533190
1533199
1534459
1554509
1560369
1560459
1560486
1560489
1563697
1563698
1563699
1564560
1564561
1564562
1564590
1564591
1564592
1564593
1564594
1564595
1564596
1564597
1564598
1564599
1567285
1567293
1567298
1569459
1569965
1580459
1584529
1584580
1584581
1584582
1584583
1584584
1584585
1584586
1584587
1584588
1584589
1584590
1584591
1584592
1584593
1584594
1584595
1584596
1584597
1584598
1584599
1584616
1584617
1584618
1584689
1584690
1584691
1584692
1584693
1584694
1584695
1584696
1590459
1594590
1594591
1594592
1860367
1860369
1860459
1864523
1864524
1864529
1880459
1884590
1890367
1890369
1890459
1890486
1890489
1894525
1894526
1894527
1894529
1894560
1894561
1894562
1894590
1894591
1894592
1894593
1894594
1894595
1894596
1894597
1894598
1894599