1303990
1303991
1303992
1303993
1304526
1308990
1308991
1308992
1309173
1309174
1309175
1310457
1311457
1312457
1313457
1313670
1315457
1319457
1319931
1319932
1321457
1323457
1325157
1328457
1330457
1331457
1332937
1333937
1334937
1335137
1335147
1335257
1335457
1335962
1335990
1338457
1350456
1355507
1355508
1355509
1355548
1360487
1361457
1362457
1374574
1380484
1384570
1384571
1384572
1384573
1384574
1384575
1384576
1384577
1384578
1384579
1384655
1384656
1384657
1384658
1384659
1390457
1394570
1504570
1509460
1509461
1509462
1520457
1524574
1524575
1524576
1524577
1524578
1524579
1530457
1554507
1560457
1563643
1564570
1569457
1580457
1590457
1594570
1860457
1880457
1884570
1890457
1894539
1894570