1300940
1300941
1300942
1300943
1300944
1300945
1300946
1300947
1300948
1300949
1301094
1301940
1301941
1301942
1301943
1301944
1301945
1301946
1301947
1301948
1301949
1302940
1302941
1302942
1302943
1302944
1302945
1302946
1302947
1302948
1302949
1304245
1304246
1304247
1304248
1304249
1305050
1305051
1305052
1305053
1305054
1305055
1305056
1305057
1305058
1305059
1305270
1305271
1305272
1305273
1305274
1305275
1305276
1305277
1305278
1305279
1307410
1307411
1307412
1307413
1307414
1307415
1307416
1307417
1307418
1307419
1307980
1307981
1307982
1307983
1307984
1307985
1307986
1307987
1307988
1307989
1308410
1308411
1308412
1308413
1308414
1308415
1308416
1308417
1308418
1308419
1310411
1310980
1310981
1310982
1310983
1310984
1312410
1312411
1312427
1312428
1312545
1312546
1312547
1312548
1312549
1313000
1313001
1313002
1313003
1313004
1313040
1313041
1313042
1313043
1313044
1313045
1313046
1313047
1313048
1313049
1313411
1313426
1313428
1314784
1314785
1314786
1314787
1314986
1314987
1314988
1314989
1315411
1315426
1316450
1316451
1316452
1316453
1316454
1316455
1316456
1316457
1316458
1316459
1319010
1319011
1319012
1319013
1319014
1319015
1319016
1319017
1319018
1319019
1319411
1319426
1319428
1320405
1320406
1320407
1320408
1320409
1320411
1321411
1321420
1321422
1321428
1322411
1322420
1322422
1322428
1323405
1323406
1323407
1323408
1323409
1323411
1323690
1323691
1323692
1323693
1323694
1323800
1323801
1323802
1323803
1323804
1323805
1323806
1323807
1323808
1323809
1325290
1325291
1325292
1325293
1325294
1325295
1325296
1325297
1325298
1325299
1327411
1328411
1328422
1328423
1330408
1330409
1330411
1330426
1330428
1330984
1330985
1330986
1331411
1331426
1331428
1332220
1332221
1332222
1332223
1332224
1332225
1332226
1332227
1332228
1332229
1332411
1332420
1333220
1333221
1333222
1333223
1333224
1333225
1333226
1333227
1333228
1333229
1334220
1334221
1334222
1334223
1334224
1334225
1334226
1334227
1334228
1334229
1335220
1335221
1335222
1335223
1335224
1335225
1335226
1335227
1335228
1335229
1335400
1335401
1335402
1335403
1335404
1335405
1335406
1335407
1335408
1335409
1335411
1335426
1335428
1336411
1337286
1337287
1338411
1338783
1338784
1338785
1338786
1338787
1338788
1338789
1339000
1339001
1339002
1339003
1339004
1339005
1339006
1339050
1339051
1339052
1339053
1339054
1339411
1347840
1347841
1347842
1347843
1347844
1347845
1347846
1347847
1347848
1347849
1347850
1347851
1347852
1347853
1347854
1347855
1347856
1347857
1347858
1347859
1347860
1347861
1347862
1347863
1347864
1347865
1347866
1347867
1347868
1347869
1347870
1347871
1347872
1347873
1347874
1347875
1347876
1347877
1347878
1347879
1347890
1347891
1347892
1347893
1347894
1347895
1347896
1347897
1347898
1347899
1350070
1350071
1350072
1350073
1350074
1350075
1350076
1350077
1350078
1350079
1350408
1350409
1350411
1350424
1350425
1350426
1350428
1350495
1350496
1351411
1351424
1351605
1355591
1355592
1355593
1355594
1355595
1355596
1355597
1355598
1355599
1359110
1359111
1359112
1359113
1359114
1359115
1359116
1359117
1359118
1359119
1359130
1359131
1359132
1359133
1359134
1359135
1359136
1359137
1359138
1359139
1359170
1359171
1359172
1359173
1359174
1359175
1359176
1359177
1359178
1359179
1359180
1359181
1359182
1359183
1360408
1360409
1360411
1360424
1360425
1360426
1360428
1360494
1360984
1360985
1360986
1361084
1361085
1361086
1361091
1361092
1361093
1361094
1361095
1361096
1361408
1361409
1361411
1361426
1361428
1362408
1362409
1362411
1362424
1362425
1362426
1362428
1362491
1362494
1362498
1364408
1364409
1364411
1364423
1364424
1364425
1364426
1364427
1364428
1364491
1364493
1364494
1364495
1364496
1364498
1365408
1365409
1365411
1365420
1365424
1365425
1365426
1365428
1365491
1365492
1365493
1365494
1365498
1366420
1366421
1366422
1366423
1366424
1366425
1366426
1366427
1366428
1366429
1367411
1367424
1367426
1370008
1370009
1370011
1370408
1370409
1370411
1370426
1370428
1370494
1370986
1374080
1374082
1374083
1374084
1374085
1374086
1374087
1374089
1374090
1374091
1374092
1374093
1374094
1374096
1374097
1374098
1374099
1374110
1374111
1374112
1374113
1374114
1374115
1374116
1374117
1374118
1374119
1374260
1374261
1374262
1374263
1374264
1374265
1374266
1374267
1374268
1374269
1374280
1374281
1374282
1374283
1374284
1374285
1374286
1374287
1374288
1374289
1379510
1379511
1379512
1379513
1379514
1379515
1379516
1379517
1379518
1379519
1380408
1380409
1380411
1380424
1380425
1380426
1380428
1380494
1380495
1380496
1384080
1384081
1384082
1384083
1384084
1384085
1384086
1384087
1384088
1384089
1384090
1384091
1384092
1384093
1384094
1384095
1384096
1384097
1384098
1384099
1384110
1384111
1384112
1384113
1384114
1384115
1384116
1384117
1384118
1384119
1384260
1384261
1384262
1384263
1384264
1384265
1384266
1384267
1384268
1384269
1384280
1384281
1384282
1384283
1384284
1384285
1384286
1384287
1384288
1384289
1388940
1388941
1388942
1388943
1388944
1388945
1388946
1388947
1388948
1388949
1388950
1388951
1388952
1388953
1388954
1388955
1388956
1388957
1388958
1388959
1388960
1388961
1388962
1388963
1388964
1388965
1388966
1388967
1388968
1388969
1389840
1389841
1389842
1389843
1389844
1389845
1389846
1389847
1389848
1389849
1389860
1389861
1389862
1389863
1389864
1389865
1389866
1389867
1389868
1389869
1390408
1390409
1390411
1390426
1390428
1390984
1390985
1390986
1394080
1394081
1394082
1394083
1394084
1394085
1394086
1394087
1394088
1394089
1394090
1394091
1394092
1394093
1394094
1394095
1394096
1394097
1394098
1394099
1394110
1394111
1394112
1394113
1394114
1394115
1394116
1394117
1394118
1394119
1394200
1394201
1394202
1394203
1394204
1394205
1394206
1394207
1394208
1394209
1394260
1394261
1394262
1394263
1394264
1394265
1394266
1394267
1394268
1394269
1394280
1394281
1394282
1394283
1394284
1394285
1394286
1394287
1394288
1394289
1399840
1399841
1399842
1399843
1399844
1399845
1399846
1399847
1399848
1399849
1399850
1399851
1399852
1399853
1399854
1399855
1399856
1399857
1399858
1399859
1399860
1399861
1399862
1399863
1399864
1399865
1399866
1399867
1399868
1399869
1500411
1500424
1500425
1500426
1504040
1504041
1504042
1504043
1504044
1504045
1504046
1504047
1504048
1504049
1504050
1504051
1504052
1504053
1504054
1504055
1504056
1504057
1504058
1504059
1504060
1504061
1504062
1504063
1504064
1504110
1504111
1504112
1504113
1504114
1504115
1504116
1504117
1504118
1504119
1504240
1504241
1504242
1504243
1504244
1504245
1504246
1504247
1504248
1504249
1510405
1510406
1510407
1510408
1510409
1510411
1514030
1514031
1514032
1514033
1514034
1514035
1514036
1514037
1514038
1514039
1514040
1514041
1514042
1514043
1514044
1514045
1514046
1514047
1514048
1514049
1514050
1514051
1514052
1514053
1514054
1514055
1514056
1514057
1514058
1514059
1514060
1514061
1514062
1514063
1514064
1514065
1514066
1514067
1514068
1514069
1514110
1514111
1514112
1514113
1514114
1514115
1514116
1514117
1514118
1514119
1514230
1514231
1514232
1514233
1514234
1514235
1514236
1514237
1514238
1514239
1514240
1514241
1514242
1514243
1514244
1514245
1514246
1514247
1514248
1514249
1516400
1516401
1516402
1516403
1516404
1516405
1516406
1516407
1516408
1516409
1518400
1518401
1518402
1518403
1524110
1524111
1524112
1524113
1524114
1524115
1524116
1524117
1524118
1524119
1524145
1524146
1524147
1524148
1524149
1524250
1524251
1524252
1524253
1524254
1524255
1524256
1524257
1524258
1524259
1524260
1524261
1524262
1524263
1524264
1524265
1524266
1524267
1524268
1524269
1530403
1530404
1530411
1530980
1530981
1530982
1530983
1530984
1532614
1532615
1532616
1532617
1533082
1533083
1533112
1550262
1550263
1550264
1550424
1550425
1550426
1550427
1550428
1552455
1552456
1552457
1552458
1552459
1552460
1552461
1552462
1552463
1552464
1552465
1552466
1552467
1552468
1552469
1552470
1552471
1552472
1552473
1552474
1552475
1552476
1552477
1552478
1552479
1552480
1552481
1552482
1552483
1552484
1552485
1552486
1552487
1552488
1552489
1554110
1554111
1554112
1554113
1554114
1554115
1554116
1554117
1554118
1554119
1554120
1554121
1554122
1554123
1554124
1554125
1554126
1554230
1554231
1554232
1554233
1554234
1554235
1554236
1554237
1554238
1554239
1554240
1554241
1554242
1554243
1554244
1554245
1554246
1554247
1554248
1554249
1554250
1554251
1554252
1554253
1554254
1554255
1554256
1554257
1554258
1554259
1554260
1554261
1554262
1554263
1554264
1554265
1554266
1554267
1554268
1554269
1554270
1560408
1560409
1560411
1560426
1560428
1560984
1560985
1560986
1564080
1564081
1564082
1564083
1564084
1564085
1564086
1564087
1564088
1564089
1564090
1564091
1564092
1564093
1564094
1564095
1564096
1564097
1564098
1564099
1564110
1564111
1564112
1564113
1564114
1564115
1564116
1564117
1564118
1564119
1566315
1566316
1566317
1566318
1566319
1566320
1566321
1566335
1566336
1566337
1566338
1566339
1569411
1569885
1569886
1569887
1569888
1569889
1571235
1571236
1571237
1571238
1571239
1580411
1580424
1580425
1580426
1584060
1584061
1584062
1584063
1584064
1584065
1584066
1584067
1584068
1584069
1584080
1584081
1584082
1584083
1584084
1584085
1584086
1584087
1584088
1584089
1584090
1584091
1584092
1584093
1584094
1584095
1584096
1584097
1584098
1584099
1584110
1584111
1584112
1584113
1584114
1584115
1584116
1584117
1584118
1584119
1584240
1584241
1584242
1584243
1584244
1584245
1584246
1584247
1584248
1584249
1584260
1584261
1584262
1584263
1584264
1584265
1584266
1584267
1584268
1584269
1589810
1589811
1589812
1589813
1589814
1589815
1589816
1589817
1589818
1589819
1590411
1590424
1590425
1590426
1590494
1590495
1590496
1590984
1590985
1590986
1594080
1594081
1594082
1594083
1594084
1594085
1594086
1594087
1594088
1594089
1594090
1594091
1594092
1594093
1594094
1594095
1594096
1594097
1594098
1594099
1594110
1594111
1594112
1594113
1594114
1594115
1594116
1594117
1594118
1594119
1594240
1594241
1594242
1594243
1594244
1594245
1594246
1594247
1594248
1594249
1594260
1594261
1594262
1594263
1594264
1594265
1594266
1594267
1594268
1594269
1594280
1594281
1594282
1594283
1594284
1594285
1594286
1594287
1594288
1594289
1599840
1599841
1599842
1599843
1599844
1599845
1599846
1599847
1599848
1599849
1599850
1599851
1599852
1599853
1599854
1599855
1599856
1599857
1599858
1599859
1599860
1599861
1599862
1599863
1599864
1599865
1599866
1599867
1599868
1599869
1860408
1860409
1860411
1860426
1860428
1860494
1860495
1860984
1860985
1860986
1864110
1864111
1864112
1864113
1864114
1864115
1864116
1864117
1864118
1864119
1880411
1880420
1880426
1880428
1884110
1884111
1884112
1884113
1884114
1884115
1884116
1884117
1884118
1884119
1884260
1884261
1884262
1884263
1884264
1884265
1884266
1884267
1884268
1884269
1884280
1884281
1884282
1884283
1884284
1884285
1884286
1884287
1884288
1884289
1890408
1890409
1890411
1890426
1890428
1890984
1890985
1890986
1894080
1894081
1894082
1894083
1894084
1894085
1894086
1894087
1894088
1894089
1894090
1894091
1894092
1894093
1894094
1894095
1894096
1894097
1894098
1894099