1300700
1300701
1300702
1300703
1300704
1300707
1300708
1300709
1301070
1301530
1301534
1301537
1301538
1301540
1301544
1301547
1301548
1302700
1302701
1302702
1302703
1302704
1302707
1302708
1302709
1303348
1303800
1303808
1306800
1306804
1306807
1306808
1307350
1307351
1307352
1307353
1307354
1307355
1307356
1307357
1307358
1307359
1308031
1309900
1309904
1309905
1309906
1309907
1309908
1309909
1310000
1310001
1310011
1310014
1310341
1310343
1310344
1310351
1311100
1311104
1311105
1311106
1311107
1311108
1311109
1313300
1313301
1313302
1319100
1319104
1319105
1319106
1319107
1319108
1319109
1320341
1320351
1320980
1320981
1320982
1322351
1322364
1323341
1323351
1323360
1323361
1323362
1323363
1323364
1323365
1323366
1323367
1323368
1323369
1328351
1328361
1328362
1329351
1329371
1329374
1329381
1329388
1329390
1329391
1329451
1330340
1330341
1330343
1330346
1330351
1331341
1331343
1331351
1332740
1332741
1332743
1332746
1332751
1333340
1333341
1333343
1333346
1333351
1335341
1335343
1335351
1336341
1336343
1336344
1336351
1337421
1338341
1338343
1338351
1339340
1339341
1339343
1339351
1340340
1340341
1340343
1340345
1340346
1340351
1340369
1345310
1345311
1345312
1345313
1345314
1345315
1345316
1345317
1345318
1345319
1345340
1345341
1345342
1345343
1345344
1345345
1345346
1345347
1346680
1346681
1346682
1346683
1346684
1346685
1346686
1346687
1348530
1348531
1348532
1348533
1348534
1348535
1348536
1348537
1348538
1350350
1350351
1350354
1350971
1350973
1351351
1351360
1351361
1351362
1351363
1351364
1354611
1354630
1354631
1354632
1354633
1354634
1354635
1354636
1354637
1354638
1354639
1354640
1354641
1354642
1354643
1354644
1354645
1354646
1354647
1354671
1354672
1359313
1359314
1359315
1359316
1359317
1359318
1359319
1360351
1360353
1360355
1360356
1360358
1361341
1361344
1361345
1361346
1361347
1361348
1361351
1362061
1362341
1362345
1362346
1362347
1362351
1362360
1362361
1362362
1362363
1362364
1362365
1362366
1362367
1363341
1363344
1363345
1363347
1363351
1364341
1364345
1364346
1364347
1364351
1364360
1364361
1364366
1364369
1365340
1365341
1365351
1365360
1365364
1365365
1365366
1365368
1366351
1366361
1370050
1370051
1370054
1370351
1370358
1373400
1373401
1373402
1373403
1373404
1375310
1375311
1375312
1375313
1375314
1375315
1375316
1375317
1375318
1375319
1375347
1375348
1375349
1375480
1375481
1375482
1375483
1375484
1375485
1375486
1375487
1375488
1375489
1380340
1380341
1380343
1380345
1380346
1380349
1383404
1383411
1383413
1383414
1383415
1383416
1383420
1383421
1383422
1383423
1383424
1383450
1383451
1383452
1383453
1383454
1383455
1383456
1383457
1383458
1383459
1383460
1383461
1383462
1383463
1383464
1383465
1383466
1383467
1383468
1383469
1383510
1383511
1383512
1383513
1383514
1383515
1383516
1383517
1383518
1383519
1390034
1390035
1390340
1390341
1390343
1390346
1390351
1393404
1393411
1393413
1393414
1393415
1393416
1393420
1393421
1393422
1393423
1393424
1393450
1393451
1393452
1393453
1393454
1393455
1393456
1393457
1393458
1393459
1393460
1393461
1393462
1393463
1393464
1393465
1393466
1393510
1393511
1393512
1393513
1393514
1393515
1393516
1393517
1393518
1393519
1399420
1399421
1399422
1399423
1399424
1399425
1399426
1399427
1399428
1399429
1500340
1500341
1500343
1500346
1500351
1503400
1503401
1503402
1503403
1503404
1503405
1503406
1503407
1503408
1503409
1503410
1503411
1503412
1503413
1503414
1503415
1503416
1503417
1503418
1503419
1503440
1503441
1503442
1503510
1503511
1503512
1503513
1503514
1503515
1503516
1503517
1503518
1503519
1503568
1503569
1510340
1510341
1510343
1510346
1510351
1511030
1511031
1511032
1511033
1511034
1511035
1511036
1511037
1511038
1511039
1511040
1511041
1511042
1513508
1513509
1513510
1513511
1513512
1513513
1513514
1513515
1513516
1513517
1513518
1513519
1520340
1520341
1520343
1520346
1520351
1523400
1523401
1523402
1523403
1523404
1523405
1523406
1523407
1523408
1523409
1523410
1523411
1523412
1523413
1523414
1523415
1523416
1523417
1523418
1523419
1523424
1523425
1523426
1523510
1523511
1523512
1523513
1523514
1523515
1523516
1523517
1523518
1523519
1523535
1523536
1523537
1523538
1523539
1529661
1530341
1530351
1533102
1533300
1533301
1533341
1533342
1533343
1533351
1533360
1533361
1533364
1533365
1533366
1533368
1534065
1534066
1534067
1534068
1534069
1534070
1534071
1534340
1534341
1534342
1534343
1534348
1534351
1550344
1550345
1550346
1550347
1550348
1550351
1550360
1550361
1550362
1550363
1550364
1550365
1550366
1550367
1550368
1550369
1551300
1551301
1551302
1551303
1551304
1551305
1551306
1551307
1551308
1551309
1551325
1551326
1551327
1551328
1551329
1551336
1551340
1551341
1551342
1551343
1551344
1551345
1551346
1551347
1551351
1551360
1551361
1551362
1551363
1551364
1551365
1551366
1551367
1551368
1551369
1552500
1552501
1552502
1552503
1552504
1552505
1552506
1552507
1552508
1552509
1552540
1552541
1552542
1552543
1552544
1552545
1552546
1552547
1552548
1552549
1553400
1553401
1553402
1553403
1553404
1553405
1553406
1553407
1553408
1553409
1553445
1553446
1553447
1553448
1553449
1553510
1553511
1553512
1553513
1553514
1553515
1553516
1553517
1553518
1553519
1553535
1553536
1553537
1553538
1553539
1553600
1553601
1553602
1553603
1553604
1553605
1553606
1553607
1553608
1553609
1553630
1553631
1553632
1553633
1553634
1553650
1553651
1553652
1553653
1553654
1553655
1553656
1553657
1553658
1553659
1553660
1553661
1553662
1553663
1553664
1553665
1553666
1553667
1553668
1553669
1553680
1553681
1553682
1553683
1553684
1553685
1553686
1553687
1553688
1553689
1553690
1553691
1553692
1553693
1553694
1553695
1553696
1553697
1553698
1553699
1560340
1560341
1560343
1560346
1560351
1563496
1563497
1563498
1563499
1563510
1563511
1563512
1563513
1563514
1563515
1563516
1563517
1563518
1563519
1563536
1563537
1563538
1563539
1569830
1569831
1569832
1569833
1569834
1569840
1569841
1569855
1569856
1569857
1569858
1569859
1580340
1580341
1580343
1580346
1580351
1583400
1583401
1583402
1583403
1583404
1583405
1583406
1583407
1583410
1583411
1583412
1583413
1583414
1583415
1583416
1583417
1583418
1583419
1583510
1583511
1583512
1583513
1590340
1590341
1590343
1590346
1590351
1593404
1593410
1593411
1593412
1593413
1593414
1593415
1593510
1593511
1593512
1593513
1593514
1593515
1593561
1593562
1860341
1860344
1860345
1860346
1860347
1860348
1860351
1863510
1863511
1863512
1863513
1863514
1863515
1863516
1863517
1863518
1863519
1863528
1863529
1863557
1863558
1863559
1863579
1880341
1880351
1883510
1883511
1883512
1883513
1883514
1883515
1883516
1883517
1883518
1883519
1890340
1890341
1890343
1890346
1890351
1893510
1893511
1893512
1893513
1893514
1893515
1893518
1893519