1303130
1303131
1304053
1307049
1309403
1309508
1311992
1313992
1315037
1317992
1319992
1320900
1323902
1323975
1323992
1327992
1328992
1330992
1331992
1332565
1336495
1336496
1336992
1337972
1339492
1339992
1351994
1351995
1356556
1356557
1356572
1357915
1357916
1357917
1364998
1367750
1367751
1367752
1370992
1377906
1377907
1377908
1377909
1380992
1389954
1389955
1390003
1399970
1399971
1399972
1500160
1500992
1502289
1502629
1509920
1509921
1510992
1519995
1519996
1519997
1520992
1529932
1529933
1529942
1529981
1529982
1529983
1530992
1533798
1560992
1580992
1589928
1590992
1599948
1599949
1860992
1880992
1889962
1899770
1899771
1899772
1899970
1899971
1899972