1300491
1300492
1300493
1301049
1301570
1301579
1301580
1301589
1302491
1302492
1302493
1303090
1303091
1303092
1303093
1303095
1303096
1304593
1304692
1304693
1304694
1304695
1305548
1305557
1305558
1305559
1305593
1306216
1306217
1306218
1306219
1306246
1307390
1307391
1307392
1307393
1307394
1307395
1307396
1307397
1307398
1307399
1310147
1310148
1310593
1310595
1310596
1310597
1311593
1311597
1312314
1312323
1312325
1312326
1312448
1312449
1315934
1315935
1316383
1316385
1317457
1317463
1317810
1317812
1317814
1317828
1317830
1319403
1320593
1322504
1323506
1323593
1325593
1327593
1327603
1327695
1328593
1329507
1330503
1330593
1331371
1331372
1332828
1332829
1332893
1332894
1332895
1333820
1333821
1333822
1334047
1334840
1334841
1334842
1335847
1335848
1335849
1336502
1336503
1337593
1337693
1337694
1337697
1338500
1338501
1338502
1338503
1338504
1338505
1338506
1338593
1339593
1345930
1345931
1345932
1345933
1345934
1345935
1345936
1345937
1345938
1345939
1350955
1350956
1350957
1350958
1350959
1351506
1351507
1355900
1355901
1355960
1355961
1355990
1355991
1359918
1359919
1359980
1359981
1359982
1359983
1359984
1361607
1361608
1361609
1362697
1362698
1362699
1363520
1363521
1364694
1364695
1365694
1365695
1368505
1368506
1368507
1368508
1368509
1370602
1370603
1370604
1370692
1370693
1377477
1377478
1377479
1379980
1379990
1380956
1380957
1385030
1385031
1385032
1385033
1385034
1385035
1385036
1385037
1385038
1385039
1385960
1385961
1385962
1385963
1385964
1385965
1385966
1385967
1385968
1385969
1386030
1386031
1386032
1386033
1386034
1386035
1386036
1386037
1386038
1386039
1390503
1390593
1395050
1395051
1395052
1395053
1395054
1395055
1395056
1395057
1395058
1395059
1395930
1395931
1395932
1395933
1395934
1395935
1395936
1395937
1395938
1395939
1395940
1395941
1395942
1395943
1395944
1505925
1505926
1505927
1505928
1505929
1505930
1505931
1505932
1505933
1505934
1505935
1505936
1505937
1505938
1505939
1506020
1506021
1506022
1506023
1506024
1506025
1506026
1506027
1506028
1506029
1515930
1515931
1515932
1515933
1515934
1515935
1515936
1515937
1515938
1515939
1515940
1515941
1515942
1515943
1515944
1516010
1516011
1516012
1516013
1516014
1516015
1516016
1516017
1516018
1516019
1516055
1516056
1516057
1516058
1516059
1525905
1525906
1525907
1525908
1525909
1525930
1525931
1525932
1525933
1525934
1525935
1525936
1525937
1525938
1525939
1528030
1528031
1528032
1528033
1528034
1528065
1528066
1528067
1528068
1528069
1530593
1530605
1533753
1534503
1560505
1560593
1565924
1565930
1565931
1565932
1565933
1565934
1565996
1566582
1566593
1569593
1585930
1585931
1585932
1585933
1585934
1585935
1585936
1585937
1585938
1585939
1586065
1586066
1586067
1586068
1586069
1589210
1589211
1589212
1589213
1589214
1595930
1595931
1595932
1595933
1596045
1596046
1596047
1596048
1596049
1598037
1598038
1598039
1860505
1860593
1860697
1880503
1880593
1885930
1885931
1885932
1885933
1885934
1885935
1885936
1885937
1885938
1885939
1890503
1890593
1895050
1895051
1895052
1895053
1895054
1895055
1895056
1895057
1895058
1895059
1895930
1895931
1895932
1895933
1895934
1895935
1895936
1895937
1895938
1895939
1895940
1895941
1895942
1895943
1895944
1896543
1896593