1303890
1303891
1303892
1308480
1308481
1309800
1309801
1309802
1309803
1310926
1310927
1310928
1310929
1314915
1315403
1315404
1315405
1315493
1316576
1318627
1318628
1318629
1320915
1323915
1325915
1325939
1328915
1329915
1330915
1331095
1331915
1332463
1332464
1332465
1332535
1334749
1335915
1337915
1337935
1337941
1337945
1337959
1338915
1339915
1339925
1340915
1342975
1347420
1348469
1348820
1350915
1357142
1357143
1357144
1357145
1357146
1361915
1362915
1362925
1364915
1365915
1366915
1367915
1368915
1370025
1370915
1377222
1377223
1377224
1377296
1377297
1377298
1389150
1389151
1389152
1389153
1389154
1389155
1389156
1389157
1389158
1389159
1390915
1399151
1399152
1399153
1399155
1399250
1399251
1399252
1399253
1399254
1399255
1399256
1399257
1399258
1399259
1500915
1502934
1502945
1502959
1502970
1502978
1502985
1509145
1509151
1509155
1510915
1511495
1512915
1512935
1512947
1512964
1512968
1512970
1512996
1519150
1519151
1519152
1519153
1519154
1519155
1519156
1520915
1522915
1522945
1522955
1522965
1522974
1522986
1522999
1524915
1528925
1529150
1529151
1529152
1529153
1529154
1529155
1530915
1531969
1531980
1531981
1531982
1531983
1531984
1531985
1531986
1531987
1533264
1533265
1533266
1533267
1533268
1533269
1533626
1533627
1533628
1533629
1534915
1552915
1559149
1559150
1559151
1559152
1559153
1559154
1559155
1559156
1559157
1559158
1559159
1559450
1559451
1559452
1559453
1559454
1559455
1559456
1559457
1559612
1559613
1560915
1561915
1561996
1561997
1566785
1566786
1566787
1566788
1566789
1569155
1569156
1569157
1569158
1569159
1580915
1582945
1582985
1587735
1587749
1587763
1589145
1589155
1590915
1590917
1592900
1592909
1592915
1592945
1592951
1592952
1592953
1592954
1592958
1599105
1599114
1599115
1599118
1599119
1599131
1599132
1599133
1599144
1599148
1599195
1860915
1880915
1889145
1889155
1889168
1889169
1889179
1889184
1889185
1890915
1899151
1899152
1899153
1899155
1899250
1899251
1899252
1899253
1899254
1899255
1899256
1899257
1899258
1899259