1300789
1301708
1301709
1301744
1302789
1303558
1304950
1304951
1308690
1309853
1311640
1311641
1311853
1312363
1312463
1315813
1315823
1315831
1315833
1319513
1319523
1320850
1320853
1323850
1323851
1330853
1331043
1331073
1331240
1331241
1332963
1333963
1336853
1336863
1337853
1338513
1338553
1339853
1350853
1351853
1359530
1359531
1359532
1359533
1359534
1359535
1359536
1359537
1359538
1359539
1361853
1363853
1364853
1365853
1366853
1367853
1368853
1369850
1369851
1369852
1370853
1372153
1372154
1372155
1376530
1376531
1376532
1376533
1376534
1376535
1376536
1376537
1376538
1376539
1388530
1388531
1388532
1388533
1388534
1388535
1388536
1388537
1388538
1388539
1390853
1398443
1398530
1398531
1398532
1398570
1398571
1398572
1398573
1398574
1500853
1510853
1511775
1511776
1511777
1511778
1511779
1512130
1512131
1512132
1512133
1512134
1518535
1518536
1518537
1518538
1518539
1518540
1518541
1518542
1518543
1518544
1520853
1530853
1532903
1532913
1532923
1532933
1532943
1532953
1532963
1532973
1532983
1533853
1533863
1533953
1534853
1551930
1558533
1558535
1558536
1558538
1558539
1559780
1559919
1559930
1559931
1560853
1567093
1568535
1568536
1568537
1568538
1568539
1568543
1569273
1580853
1587015
1587016
1587017
1588570
1588571
1588572
1588573
1588574
1588575
1588576
1590253
1590254
1590263
1590264
1590853
1598530
1598531
1860853
1880853
1888530
1888531
1888532
1888533
1888534
1888535
1888536
1888537
1888538
1888539
1890853
1898530
1898531
1898532
1898543
1898570
1898571
1898572
1898573
1898574