1300288
1301817
1303648
1303649
1303650
1303651
1303652
1303653
1303823
1305664
1305665
1308654
1308655
1308656
1308833
1309288
1309453
1309458
1309459
1309618
1309620
1309621
1309622
1310800
1310831
1311800
1311801
1311847
1311848
1311849
1315469
1315863
1315864
1315865
1318347
1318396
1318397
1319493
1319832
1319833
1319846
1319883
1319884
1320831
1321939
1321950
1321951
1321952
1321953
1321954
1321983
1322831
1322832
1328196
1328197
1328198
1330909
1332065
1332066
1333065
1333066
1334065
1334066
1335017
1335018
1335019
1335024
1335060
1335061
1337827
1337828
1338838
1338839
1339820
1339821
1340821
1340831
1341923
1341924
1341925
1341926
1341927
1341928
1341929
1344009
1345847
1345874
1345880
1345881
1345882
1345883
1345884
1350818
1350819
1351845
1354140
1354770
1354771
1354772
1355070
1355071
1355072
1355073
1355074
1355895
1355896
1356806
1356807
1356808
1356809
1356810
1356811
1356856
1356857
1356858
1356859
1360829
1361903
1362903
1364903
1365903
1367831
1368415
1368416
1368417
1368418
1368419
1368828
1368829
1369822
1369823
1370099
1370829
1373074
1373075
1377890
1377891
1377892
1377893
1377894
1377895
1377896
1377897
1379580
1379581
1379582
1379583
1379592
1379598
1380829
1389043
1389044
1389090
1389091
1389092
1389093
1389094
1389095
1389096
1389097
1389098
1389099
1390909
1398039
1398920
1398921
1398922
1399090
1399091
1399092
1399093
1399094
1399095
1399096
1399097
1399098
1399099
1508245
1508246
1508260
1508261
1508262
1508263
1508264
1518110
1518111
1518112
1518113
1518114
1518115
1518116
1518117
1518118
1518119
1518148
1518149
1518310
1518311
1518312
1518313
1518314
1518315
1518316
1518317
1518318
1518319
1518390
1518391
1519695
1519696
1519697
1519698
1519699
1528140
1528141
1528142
1528143
1528144
1528310
1528311
1528312
1528313
1528314
1528315
1528316
1528317
1528318
1528319
1528353
1528354
1528355
1528356
1528357
1528358
1528359
1528363
1528364
1528365
1528366
1528367
1528368
1528369
1529815
1529816
1529817
1529818
1529819
1530909
1532845
1532846
1532847
1532848
1532880
1532881
1532882
1532883
1532884
1534815
1534816
1552060
1552061
1552062
1552063
1552064
1552870
1552871
1552872
1552873
1552874
1552895
1552896
1552897
1552898
1552899
1560909
1567673
1567674
1567675
1567676
1568028
1568039
1568170
1568171
1568172
1568173
1568174
1568175
1568176
1568177
1568178
1568179
1569283
1569284
1580831
1580845
1580846
1580847
1588135
1588136
1588137
1588138
1588139
1588310
1588311
1588312
1588313
1588314
1588315
1588316
1588317
1588318
1588319
1588410
1588411
1588412
1588413
1588414
1588474
1588475
1588476
1588477
1589250
1589251
1589252
1589253
1589254
1589255
1590829
1590839
1590849
1592832
1592833
1598310
1598311
1598312
1598313
1598314
1598410
1598411
1598412
1598413
1598414
1598446
1598447
1860828
1860829
1860831
1880831
1888190
1888191
1888192
1888193
1888194
1888195
1888196
1888197
1888198
1888199
1890909
1898039
1898920
1898921
1898922
1899090
1899091
1899092
1899093
1899094
1899095
1899096
1899097
1899098
1899099