1303270
1303271
1303272
1303273
1303274
1304095
1304096
1304097
1304098
1304099
1304715
1304716
1304717
1308515
1308516
1309416
1309417
1309418
1309840
1309841
1310078
1311445
1311446
1311727
1311728
1311729
1313580
1313581
1313582
1316561
1317705
1317706
1317707
1317708
1317709
1319730
1319731
1319732
1319733
1319734
1320720
1320721
1320722
1321717
1321727
1322725
1322726
1322727
1322728
1322729
1323562
1323563
1324728
1326490
1326491
1327717
1327723
1327725
1327739
1329424
1329728
1330720
1330860
1331056
1331057
1331720
1331756
1331757
1332980
1332981
1333978
1333979
1334353
1334354
1334976
1334977
1334978
1336717
1337798
1338725
1338726
1338727
1338728
1339614
1339615
1339720
1346981
1346982
1346983
1346984
1346985
1346986
1346987
1347710
1347711
1347712
1347713
1347714
1347715
1347716
1347717
1347718
1347719
1347783
1347784
1347785
1347786
1348721
1348722
1348723
1348724
1348725
1348726
1348727
1348728
1348729
1350720
1350724
1350860
1354570
1354571
1354572
1354573
1354574
1354575
1354576
1354577
1354583
1354584
1354585
1358148
1358149
1360720
1361717
1361727
1361868
1361869
1364717
1364727
1365717
1366907
1367717
1368717
1368722
1368727
1369727
1369728
1369729
1370720
1377419
1380720
1387245
1387246
1387247
1387248
1387249
1387250
1387251
1387252
1387253
1387254
1387255
1387256
1387257
1387258
1387259
1387260
1387261
1387262
1387263
1387264
1387265
1387266
1387267
1387268
1387269
1388665
1388666
1388667
1388668
1388669
1388670
1388671
1388672
1388673
1388674
1390720
1390860
1397200
1397201
1397202
1397203
1397204
1397251
1397252
1397253
1397254
1397255
1397256
1397257
1397258
1397259
1397260
1398674
1398675
1398676
1398677
1398678
1398679
1398680
1398681
1398682
1398683
1399765
1399766
1399767
1399768
1399769
1399770
1399771
1399772
1399773
1399774
1500720
1507172
1507173
1507174
1507175
1507176
1507177
1507178
1507179
1507180
1507181
1507182
1507250
1507251
1507252
1507253
1507254
1507255
1507256
1509085
1509086
1509087
1509088
1509089
1509090
1509091
1509092
1509093
1509094
1509095
1510720
1517158
1517172
1517173
1517174
1517175
1517176
1517177
1517178
1517179
1517180
1517181
1517182
1517183
1517184
1517185
1517186
1517187
1517188
1517189
1517190
1517191
1517192
1520720
1527145
1527146
1527147
1527148
1527149
1527150
1527151
1527152
1527153
1527210
1527211
1527212
1527213
1527214
1527215
1527216
1527217
1527218
1527219
1530720
1530860
1532760
1532761
1532762
1532763
1532764
1532765
1532766
1532767
1533404
1533405
1533406
1533570
1533571
1533572
1533573
1533740
1533741
1533742
1533743
1533744
1533745
1533746
1534705
1534706
1534707
1534708
1554927
1554928
1554929
1554930
1554931
1554932
1554933
1554934
1554935
1554936
1554937
1554938
1554939
1557170
1557171
1557172
1557173
1557174
1557175
1557176
1557177
1557270
1557271
1557272
1557273
1557274
1557275
1557276
1557277
1557278
1557279
1560720
1560860
1561484
1561485
1561486
1562933
1562934
1562935
1562936
1562937
1562938
1567100
1567101
1567102
1567103
1567104
1567105
1567106
1567107
1569720
1569727
1580720
1587154
1587155
1587156
1587157
1587158
1587159
1587160
1587161
1587162
1587163
1587164
1587165
1587166
1587167
1587245
1587246
1587247
1587248
1587249
1587250
1587251
1587252
1587253
1587254
1587255
1587256
1587257
1587258
1587259
1587260
1587261
1587262
1587263
1587264
1587265
1587266
1587267
1589750
1589751
1589752
1589753
1589754
1589755
1589756
1589757
1590720
1592694
1592695
1592696
1592697
1592698
1592699
1597162
1597163
1597164
1597165
1597166
1597167
1597269
1597270
1597271
1597272
1599750
1599751
1599752
1599753
1599754
1599755
1599756
1599757
1599758
1599759
1599760
1599761
1599762
1599763
1599764
1599765
1599766
1599767
1599768
1599769
1860720
1860860
1867160
1880720
1880860
1887250
1887251
1887252
1887253
1887254
1890720
1890860
1897200
1897201
1897202
1897203
1897204
1897251
1897252
1897253
1897254
1897255
1897256
1897257
1897258
1897259
1897260
1898674
1898675
1898676
1898677
1898678
1898679
1898680
1898681
1898682
1898683
1899587
1899588
1899589
1899590
1899591