1301313
1301314
1302607
1303313
1303314
1304554
1304558
1305323
1305324
1306323
1306324
1308312
1308313
1308324
1308409
1309346
1309347
1309348
1309360
1309361
1313543
1314563
1314569
1315537
1315563
1316775
1316776
1317013
1317026
1319534
1319535
1319536
1319563
1320563
1321563
1322563
1327563
1328563
1329563
1330563
1332913
1332929
1333563
1333913
1333924
1334563
1334913
1335563
1336563
1338563
1339563
1339963
1348563
1348592
1348593
1348594
1348598
1348599
1350054
1351563
1360563
1361563
1363563
1363721
1363722
1363723
1364563
1365563
1365566
1366563
1367563
1368563
1369563
1370563
1373188
1373189
1373190
1373191
1373192
1373193
1380562
1380563
1385630
1385631
1385632
1385633
1385634
1385635
1385636
1385637
1385638
1385639
1386530
1386531
1386532
1386533
1386534
1386535
1386536
1386537
1386538
1386539
1386547
1386548
1386549
1386563
1386695
1386696
1390563
1395656
1395657
1395658
1395659
1395660
1396540
1396541
1396565
1396566
1396616
1396617
1396618
1396619
1396620
1396621
1396622
1396623
1500563
1505626
1505627
1505628
1505629
1505630
1505631
1505632
1505633
1505634
1510563
1515550
1515557
1515558
1515559
1515633
1515634
1515635
1515636
1515637
1515638
1515639
1520563
1521270
1521271
1521272
1521273
1521274
1521275
1521276
1521563
1524012
1524013
1525630
1525631
1525632
1525633
1525634
1525635
1530563
1532459
1534563
1550563
1555520
1555521
1555522
1555523
1555524
1555630
1555631
1555632
1560563
1565630
1565631
1565632
1565633
1565634
1565635
1565636
1565637
1565638
1565639
1566563
1569563
1580563
1585630
1585631
1585632
1585633
1585634
1585635
1585636
1585637
1590563
1595563
1595619
1595626
1595627
1595628
1595629
1595630
1595631
1595632
1595633
1595634
1595635
1595636
1595637
1595638
1595639
1860563
1880563
1885630
1885631
1885632
1885633
1885634
1885635
1885636
1885637
1885638
1885639
1890563
1895630
1895631
1895632
1895633
1895634
1895635
1895636
1895637
1895638
1895639