1300349
1301390
1301391
1301392
1302349
1303258
1304679
1304758
1304759
1304768
1304769
1305610
1305611
1305612
1306480
1306481
1306482
1308258
1309246
1309247
1309248
1309249
1310186
1310187
1314156
1314157
1314158
1315180
1315181
1315182
1315183
1316033
1316034
1316035
1317955
1317956
1319687
1319688
1319689
1321890
1321891
1321892
1321893
1322870
1322871
1322872
1323510
1323511
1323512
1323513
1323514
1323515
1328527
1328528
1328529
1329527
1329528
1329529
1330524
1332784
1332785
1333784
1333785
1334784
1334785
1335784
1335785
1336515
1336525
1337204
1337205
1337206
1338290
1338291
1338292
1340186
1340187
1340188
1340189
1340419
1340755
1348507
1348508
1348509
1351177
1351178
1351179
1351517
1351518
1351528
1351529
1358526
1358527
1360524
1361154
1362524
1362525
1362614
1364151
1364152
1364524
1365524
1370524
1373268
1373269
1373913
1377390
1377391
1377392
1377393
1377394
1377395
1377396
1377397
1377398
1377399
1377644
1377645
1377646
1380524
1380909
1381230
1381231
1381240
1381241
1381242
1381570
1381571
1381572
1381573
1381574
1381575
1381576
1381577
1381578
1381579
1385135
1385136
1385137
1385138
1385227
1385242
1385280
1385281
1385282
1385283
1390524
1395106
1395109
1395119
1395124
1395129
1395136
1395137
1395139
1395145
1395152
1395153
1395159
1500524
1505051
1505093
1505094
1505095
1505096
1505097
1505098
1505099
1505100
1505101
1505102
1505103
1505104
1505130
1505131
1505270
1505271
1505272
1505273
1505274
1505275
1505276
1505277
1505278
1506145
1510524
1515070
1515071
1515072
1515073
1515074
1515075
1515076
1515077
1515078
1515079
1515110
1515111
1515112
1515113
1515114
1515115
1515116
1515117
1515118
1515119
1515242
1515284
1515285
1515286
1516120
1516121
1516122
1516123
1516124
1516125
1516126
1516127
1516128
1516129
1516290
1516291
1518905
1518906
1518907
1518908
1518909
1520524
1524037
1524038
1524039
1525070
1525071
1525072
1525073
1525074
1525075
1525076
1525077
1525078
1525079
1525242
1525243
1525285
1525286
1525287
1525288
1525289
1526120
1526121
1526122
1526123
1526124
1526125
1526126
1526127
1526128
1526129
1529830
1529831
1529832
1529833
1529834
1530524
1531270
1531271
1531272
1531273
1531274
1531275
1533503
1533504
1534511
1560524
1565106
1565109
1565119
1565124
1565129
1565136
1565137
1565139
1565145
1565152
1565153
1565159
1566445
1566821
1566822
1566823
1566824
1566825
1566826
1566827
1566828
1566829
1569527
1580524
1585040
1585090
1585091
1585092
1585093
1585094
1585095
1585096
1585097
1585098
1585099
1585115
1585116
1585117
1585118
1585119
1586291
1589608
1589609
1589630
1589631
1589632
1589633
1589634
1590524
1595060
1595061
1595062
1595063
1595064
1595106
1595109
1595119
1595124
1595129
1595136
1595137
1595139
1595145
1595152
1595153
1595159
1599670
1599671
1599672
1599673
1599674
1599675
1599676
1599677
1599678
1599679
1860526
1860527
1880524
1885124
1885129
1885136
1885137
1885139
1885145
1885152
1885153
1885159
1890524
1893640
1893641
1893684
1893690
1893691
1893692
1893693
1893694
1893695
1893696
1893697
1893698
1893699
1895106
1895109
1895119
1895124
1895129
1895136
1895137
1895139
1895145
1895152
1895153
1895159