1300730
1300747
1301073
1301720
1301721
1301722
1301723
1301730
1302730
1302747
1303730
1304720
1305407
1305408
1305507
1305508
1307710
1307711
1307712
1307713
1307714
1307715
1307716
1307717
1307718
1307719
1308730
1310020
1310030
1310710
1310720
1310730
1310747
1311730
1311740
1311750
1313500
1313510
1313530
1320300
1320301
1320302
1320303
1320730
1320740
1321730
1321740
1323730
1323740
1325730
1325740
1327880
1329730
1329850
1329851
1330730
1330740
1331730
1331740
1332720
1332730
1333250
1333720
1333730
1334130
1334250
1334720
1334730
1334860
1334870
1335730
1336580
1336730
1336740
1337800
1337890
1338730
1338740
1339730
1339740
1339750
1340730
1346730
1346923
1346924
1346925
1346926
1346927
1348730
1348770
1348771
1348772
1348776
1348777
1348778
1348779
1350730
1351730
1354890
1354891
1354892
1354893
1357400
1357401
1357402
1357403
1357404
1357475
1357476
1357500
1357501
1357502
1357503
1357504
1357505
1357506
1357507
1357508
1357509
1360730
1360740
1361730
1361740
1361840
1362730
1362740
1363730
1363840
1364730
1364740
1365730
1366740
1370730
1370740
1376200
1376201
1376202
1376203
1376204
1376205
1376206
1376207
1376208
1376209
1376274
1376275
1376276
1376277
1376278
1376279
1378600
1378601
1378602
1378603
1378604
1378605
1378606
1378607
1378608
1378609
1378730
1378784
1378785
1378798
1378799
1378900
1378901
1378902
1378903
1378904
1378905
1380073
1380730
1380740
1380840
1387300
1387301
1387302
1387303
1387304
1387305
1387306
1387307
1387308
1387309
1387400
1387401
1387402
1387403
1387404
1387405
1387406
1387407
1387408
1387409
1390730
1390740
1390840
1397300
1397301
1397302
1397303
1397304
1397305
1397306
1397400
1397401
1397402
1397403
1397404
1397405
1397406
1397407
1397408
1397409
1397500
1397501
1397502
1397503
1397504
1397505
1397506
1397507
1397508
1397509
1500730
1507300
1507301
1507302
1507303
1507304
1507305
1507306
1507307
1507308
1507309
1507400
1507401
1507402
1507403
1507404
1507405
1507406
1507407
1507408
1507409
1508095
1508096
1508097
1508098
1508099
1510730
1511500
1511501
1511502
1511503
1511504
1511505
1511506
1511507
1511508
1511509
1517300
1517301
1517302
1517303
1517304
1517305
1517306
1517307
1517308
1517309
1519700
1519701
1519702
1519703
1519704
1519705
1519706
1519707
1519708
1519709
1519710
1519711
1519712
1519713
1519714
1520020
1520021
1520022
1520023
1520024
1520025
1520026
1520027
1520028
1520029
1520030
1520031
1520730
1527300
1527301
1527302
1527303
1527304
1527305
1527306
1527307
1527308
1527309
1527400
1527401
1527402
1527403
1527404
1527405
1527406
1527407
1527408
1527409
1529200
1529201
1529202
1529203
1529204
1530730
1530740
1534730
1534830
1534840
1557300
1557301
1557302
1557303
1557304
1557305
1557306
1557307
1557308
1557309
1557400
1557401
1557402
1557403
1557404
1557405
1557406
1557407
1557408
1557409
1557500
1557501
1557502
1557503
1557504
1557505
1557506
1557507
1557508
1557509
1557600
1557601
1557602
1557603
1557604
1557605
1557606
1557607
1557608
1557609
1560730
1560740
1561650
1561651
1561652
1561653
1561654
1561655
1561656
1561657
1561658
1561659
1567300
1567301
1567302
1567303
1567304
1567305
1567306
1567400
1567401
1567402
1567403
1567404
1567405
1567500
1567501
1567502
1567503
1567504
1567505
1567506
1567507
1567508
1567509
1569730
1569740
1580730
1584280
1584281
1584282
1584283
1584284
1584285
1584286
1584287
1584288
1584289
1587300
1587301
1587302
1587303
1587304
1587305
1587306
1587307
1587308
1587309
1589730
1590730
1597300
1597301
1597302
1597303
1597304
1597435
1597436
1860730
1860740
1867340
1880730
1887300
1887301
1887302
1887303
1887304
1887305
1887306
1887307
1887308
1887309
1890730
1890740
1890840
1897300
1897301
1897302
1897303
1897304
1897305
1897306
1897307
1897308
1897309
1897400
1897401
1897402
1897403
1897404
1897405
1897406
1897407
1897408
1897409
1897500
1897501
1897502
1897503
1897504
1897505
1897506