1300309
1301303
1302309
1303309
1303509
1305304
1305305
1305313
1306333
1306344
1306345
1308309
1308319
1308341
1308342
1308345
1308506
1309345
1309354
1309355
1309545
1313555
1314565
1315565
1315650
1315651
1315652
1315653
1315654
1315655
1315656
1315657
1315658
1315659
1316772
1316773
1316774
1317015
1317025
1319545
1319565
1320565
1321565
1322565
1327565
1328565
1329565
1330565
1332915
1332925
1333565
1333915
1334565
1334915
1334916
1334924
1335565
1336565
1338565
1339565
1339965
1347072
1348565
1348597
1350051
1350565
1360565
1361565
1362555
1362563
1362564
1362565
1363565
1363728
1363729
1364565
1366565
1367562
1367565
1368560
1368565
1368569
1369676
1369677
1369678
1369679
1370565
1373198
1373199
1380565
1385650
1385651
1385652
1385653
1385654
1385655
1385656
1385657
1385658
1385659
1386520
1386521
1386522
1386523
1386524
1386525
1386526
1386527
1386528
1386529
1386540
1386541
1386542
1386565
1386697
1386698
1386699
1390565
1395661
1395662
1395663
1395664
1395665
1395666
1395667
1396542
1396543
1396544
1396567
1396568
1396569
1396632
1396633
1396634
1396635
1396636
1396637
1396638
1396639
1500565
1500566
1505622
1505623
1505624
1505625
1505656
1505657
1505658
1505659
1510565
1515650
1515651
1515652
1515653
1515654
1515655
1515656
1515657
1515658
1515659
1515680
1515681
1515682
1520565
1521565
1524018
1524019
1525554
1525559
1525560
1525561
1525562
1525563
1525620
1525621
1525622
1525623
1525624
1525625
1525626
1525627
1525628
1525629
1525650
1525651
1525652
1530565
1534565
1534985
1550565
1555650
1555651
1555652
1555653
1555668
1555669
1560565
1565650
1565651
1565652
1565653
1565654
1565655
1565656
1565657
1565658
1565659
1566565
1569565
1580565
1585650
1590565
1595565
1595605
1595606
1595607
1595650
1595651
1595652
1595653
1595654
1595655
1595656
1595657
1595658
1595659
1860565
1860965
1880565
1885650
1885651
1885652
1885653
1885654
1885655
1885656
1885657
1885658
1885659
1890565
1895650
1895651
1895652
1895653
1895654
1895655
1895656
1895657
1895658
1895659