1300958
1301508
1301528
1301958
1302045
1302046
1302047
1302048
1302958
1303478
1308028
1308156
1308478
1308846
1308847
1308848
1308849
1312684
1313478
1313480
1313481
1314178
1314245
1314246
1314247
1314248
1315099
1315478
1317132
1317133
1317134
1319078
1319079
1319085
1319086
1319087
1319138
1319139
1320478
1321478
1321488
1321489
1321497
1322478
1322488
1322489
1323478
1323487
1323488
1323489
1324592
1324593
1327031
1327478
1327488
1328478
1328479
1329478
1329488
1329697
1329698
1329699
1330478
1331478
1332708
1333700
1333701
1333703
1333708
1335478
1338478
1339478
1339483
1339485
1339486
1339487
1374787
1374788
1374789
1530478
1532678
1533278
1533288
1533289
1533478
1533487
1533488
1533489
1533498
1533499
1533561
1533568
1554080
1554081
1554090
1554091
1554780
1554781
1554782
1554783
1554784
1554785
1554786
1554787
1554788
1554789
1554790
1554827
1554828
1554829
1554830
1556051
1556052
1556053
1556054
1556055
1556056
1556057
1556058
1556059
1559885
1559886
1559887
1559888
1560478
1564780
1564781
1564782
1564783
1564784
1564785
1564786
1564787
1564788
1564789
1564840
1564841
1564842
1564843
1564844
1564885
1564886
1564887
1564888
1564889
1569478
1860478
1860489
1890478
1894734
1894738
1894748
1894780
1894781
1894787
1894788
1894789