1300736
1300740
1301724
1301725
1301726
1301727
1301736
1302736
1302740
1303736
1304726
1305402
1305403
1305404
1305502
1305503
1305504
1307720
1307721
1307722
1307723
1307724
1307725
1307726
1307727
1307728
1307729
1308736
1310028
1310029
1310736
1310740
1311736
1311756
1313506
1313536
1320360
1320361
1320362
1320363
1320364
1320736
1321736
1323736
1324500
1324501
1324502
1324503
1324504
1325736
1325742
1327883
1329736
1329860
1329861
1330736
1330742
1331736
1331962
1332736
1333256
1333736
1334136
1334256
1334726
1334736
1334866
1334962
1335736
1336736
1337806
1338736
1338742
1339736
1339756
1339766
1340736
1346736
1346914
1346915
1346916
1346917
1346918
1348736
1348764
1348765
1348766
1348790
1348791
1348792
1348793
1350736
1350841
1350846
1351114
1351115
1351116
1351117
1351118
1351119
1351736
1354884
1354885
1354886
1354887
1354888
1354960
1354961
1354962
1354963
1354978
1354979
1357516
1357517
1357518
1357519
1357520
1357521
1357522
1360736
1361736
1361742
1361841
1362736
1363736
1363846
1364736
1364742
1365736
1365742
1366748
1367746
1367747
1370736
1370742
1376260
1376261
1376262
1376263
1376264
1376265
1376266
1376267
1376268
1376269
1378660
1378661
1378662
1378663
1378664
1378665
1378666
1378667
1378668
1378669
1378736
1378786
1378787
1378788
1378789
1380736
1380742
1387360
1387361
1387362
1387363
1387364
1387365
1387366
1387367
1387368
1387369
1387500
1387501
1387502
1387503
1387504
1387505
1387506
1387507
1387508
1387509
1387510
1387511
1387512
1387513
1387514
1387515
1387516
1387517
1387518
1387519
1390736
1390742
1390841
1397360
1397361
1397362
1397363
1397364
1397365
1397366
1397420
1397421
1397422
1397423
1397424
1397425
1397426
1397427
1397428
1397429
1397560
1397561
1397562
1397563
1397564
1397565
1397566
1397567
1397568
1397569
1500736
1507360
1507361
1507362
1507363
1507364
1507365
1507366
1507367
1507368
1507369
1507420
1507421
1507422
1507423
1507424
1507425
1507426
1507427
1507428
1507429
1508060
1508061
1508062
1508063
1508064
1508065
1508066
1508067
1508068
1508069
1510736
1511560
1511561
1511562
1511563
1511564
1511565
1511566
1511567
1511568
1511569
1511570
1511571
1511572
1511573
1511574
1511575
1511576
1511577
1511578
1511579
1517360
1517361
1517362
1517363
1517364
1517365
1517366
1517367
1517368
1517369
1519760
1519761
1519762
1519763
1519764
1519765
1519766
1519767
1519768
1519769
1520060
1520061
1520062
1520063
1520064
1520065
1520066
1520067
1520068
1520069
1520736
1521120
1521121
1521122
1521123
1521124
1521125
1521126
1521127
1521128
1521129
1521130
1521131
1521132
1521133
1521134
1527360
1527361
1527362
1527363
1527364
1527365
1527366
1527367
1527368
1527369
1527420
1527421
1527422
1527423
1527424
1527425
1527426
1527427
1527428
1527429
1530736
1530742
1534736
1534836
1557360
1557361
1557362
1557363
1557364
1557365
1557366
1557367
1557368
1557369
1557420
1557421
1557422
1557423
1557424
1557425
1557426
1557427
1557428
1557429
1557610
1557611
1557612
1557613
1557614
1557615
1557616
1557617
1557618
1557619
1560736
1560742
1561642
1561643
1561647
1561648
1561649
1561660
1561661
1561662
1561663
1567360
1567361
1567362
1567363
1567364
1567365
1567366
1567420
1567421
1567422
1567423
1567424
1567425
1567426
1567427
1567428
1567429
1567560
1567561
1567562
1567563
1567564
1567565
1569736
1569742
1580736
1587360
1587361
1587362
1587363
1587364
1587365
1587366
1587367
1587368
1587369
1588660
1588661
1588662
1588663
1588664
1588665
1588666
1588667
1588668
1588669
1589736
1590736
1597305
1597306
1597360
1597361
1597362
1597363
1597364
1597365
1597366
1597367
1597368
1597369
1597447
1597448
1597449
1860736
1860742
1867346
1880736
1887360
1887361
1887362
1887363
1887364
1887365
1887366
1887367
1887368
1887369
1890736
1890742
1890841
1897360
1897361
1897362
1897363
1897364
1897365
1897366
1897367
1897368
1897369
1897420
1897421
1897422
1897423
1897424
1897425
1897426
1897427
1897428
1897429
1897560
1897561
1897562
1897563
1897564
1897565
1897566