1303417
1303418
1304299
1308599
1309933
1311933
1311947
1313933
1315018
1319587
1319589
1320933
1322042
1323933
1326984
1330933
1332130
1335933
1336933
1339933
1351903
1351933
1362933
1364933
1367933
1368933
1368946
1368947
1373933
1380933
1383030
1383031
1383032
1383033
1383034
1383035
1383036
1383037
1383038
1383039
1390933
1391950
1391951
1391952
1391953
1391954
1399330
1399331
1399332
1399333
1399334
1399335
1399336
1399337
1399338
1399339
1500933
1502593
1509551
1509552
1509553
1509554
1509705
1509706
1509707
1509708
1510933
1512040
1512041
1512042
1512043
1512044
1512045
1519330
1519331
1519332
1519333
1519334
1519335
1519336
1519337
1519338
1519339
1520933
1529330
1529331
1529332
1529333
1529334
1529367
1529368
1529369
1530933
1530940
1533603
1533703
1533933
1533941
1533973
1534933
1559330
1559331
1559332
1559333
1559334
1559400
1559401
1560933
1569330
1569335
1569336
1569337
1569338
1569339
1580933
1580944
1582583
1582584
1582585
1860933
1890933
1891933
1899330
1899331
1899332
1899333
1899334
1899335
1899336
1899337