1300646
1300647
1303561
1303562
1306016
1308437
1308650
1308651
1309611
1309646
1309647
1310839
1310840
1311814
1311815
1315442
1315443
1315874
1315875
1318354
1318355
1318356
1319472
1319473
1319822
1319823
1319824
1319887
1320839
1321949
1321990
1321991
1321992
1330812
1332073
1332075
1333073
1333075
1334073
1334075
1335003
1335049
1337817
1339844
1340402
1340839
1341920
1341921
1341922
1343854
1344003
1345813
1345814
1345845
1350806
1351832
1351833
1354144
1354145
1354182
1354183
1354184
1354196
1354197
1354716
1354717
1354718
1354719
1354846
1354847
1355096
1355097
1355163
1355164
1355193
1355194
1356836
1356837
1361812
1362812
1364812
1367839
1368433
1368434
1368435
1369609
1369833
1379589
1380812
1388120
1388121
1388122
1388123
1388124
1388125
1388126
1388127
1388128
1388129
1390812
1398015
1398016
1398120
1398121
1398122
1398123
1398124
1398125
1398126
1398127
1398128
1398129
1508280
1508281
1508282
1508283
1508284
1518135
1518136
1518137
1518138
1518139
1518142
1518143
1518392
1518393
1518394
1518395
1518396
1518397
1518398
1518399
1519610
1519611
1519612
1519613
1519614
1528200
1528201
1528202
1528203
1528204
1528205
1528206
1528207
1528208
1528209
1528390
1528391
1528392
1528393
1528394
1528395
1528396
1528397
1528398
1528399
1528485
1528486
1528487
1528488
1528489
1530812
1532812
1532857
1532858
1532859
1552080
1560812
1569299
1580839
1588350
1588351
1588352
1588353
1588354
1588355
1588356
1588357
1588358
1588359
1588390
1588391
1588392
1588393
1588394
1588395
1588396
1588397
1588398
1588399
1589225
1589226
1589227
1589228
1589229
1590832
1590842
1592822
1592823
1598390
1598391
1598392
1598393
1598394
1598405
1598406
1598407
1598408
1598409
1598444
1598445
1860839
1880819
1880839
1890812
1898015
1898016
1898120
1898121
1898122
1898123
1898124
1898125
1898126
1898127
1898128
1898129