1303410
1303419
1304293
1308593
1309935
1309936
1310934
1311934
1311939
1311949
1313934
1313946
1315012
1315013
1319584
1319588
1320934
1323934
1323960
1323961
1326034
1326324
1326334
1326954
1330934
1332123
1335934
1336934
1336942
1338934
1338946
1339934
1351904
1351934
1362934
1364934
1367934
1368934
1373934
1380934
1383040
1383041
1383042
1383043
1383044
1383045
1383046
1383047
1383048
1383049
1388410
1388411
1388412
1388413
1388414
1388415
1388416
1388417
1388418
1388419
1390934
1391958
1391959
1391960
1391961
1399340
1399341
1399342
1399343
1399344
1399345
1399346
1399347
1399348
1399349
1500934
1502594
1509555
1509556
1509557
1509558
1509559
1509709
1509710
1509711
1509712
1510184
1510185
1510186
1510187
1510188
1510189
1510190
1510934
1510946
1510947
1519360
1519361
1519362
1519363
1519364
1519365
1519366
1519367
1519368
1519369
1520934
1521380
1521381
1521382
1521383
1521384
1521385
1521386
1521387
1521388
1521389
1529340
1529341
1529342
1529343
1529344
1529345
1529346
1529370
1529371
1529404
1529405
1529440
1529441
1529442
1529443
1529444
1529445
1529446
1529447
1529448
1529449
1530934
1530944
1533602
1533702
1533934
1533946
1533974
1534934
1534941
1559340
1559341
1559342
1559343
1559344
1559345
1559346
1559347
1560934
1560946
1569340
1569341
1569343
1569345
1569346
1569348
1569349
1582586
1860934
1890934
1891925
1891926
1891927
1891928
1891934
1899340
1899341
1899342
1899343
1899344
1899345
1899346
1899347
1899348
1899349