1302087
1303193
1303194
1303195
1303196
1303197
1308043
1308182
1308183
1308457
1308458
1309131
1309132
1310303
1310313
1310323
1310333
1313130
1313131
1313132
1313133
1313134
1313135
1313136
1313137
1313138
1313139
1316553
1316655
1317163
1317164
1317165
1317166
1318002
1318039
1318057
1319179
1319191
1323130
1323131
1323132
1323133
1323134
1323135
1323136
1325310
1325311
1325312
1325313
1325314
1325315
1325316
1328330
1328331
1328332
1328333
1328334
1329043
1329063
1329330
1329331
1329332
1329333
1329334
1329335
1329336
1329337
1329338
1329339
1329400
1329401
1329402
1329403
1329404
1329405
1329406
1329407
1329408
1329409
1330313
1330333
1331313
1331530
1331531
1331532
1331533
1331534
1332303
1332313
1332323
1333130
1333131
1333132
1333133
1333303
1333313
1333323
1334313
1336313
1337303
1337313
1337333
1337343
1338313
1338333
1338363
1339313
1339324
1339333
1340013
1340046
1340313
1340323
1340333
1346313
1346330
1346331
1346332
1346333
1346345
1346346
1347237
1347238
1347239
1347313
1347330
1347331
1347332
1347333
1347334
1347336
1348330
1348331
1348332
1348333
1348334
1350313
1351313
1351323
1351346
1351347
1358241
1358243
1358244
1358263
1358283
1358297
1358298
1360313
1361313
1362313
1362323
1362336
1362339
1363087
1363088
1363313
1363323
1363339
1364313
1364323
1364333
1364334
1365313
1365323
1366313
1366323
1366333
1370033
1370313
1372230
1372231
1372232
1372233
1372235
1373030
1373031
1373032
1373043
1373130
1373131
1373132
1373133
1373138
1373323
1375443
1378023
1378054
1378407
1378408
1378454
1378455
1378456
1378457
1378458
1378459
1378529
1378530
1378531
1378532
1378533
1378534
1378535
1378536
1378545
1380313
1383130
1383131
1383132
1383133
1383134
1383135
1383136
1383137
1383138
1383139
1383330
1383331
1383332
1383333
1383334
1383335
1383336
1383337
1390313
1390323
1393130
1393131
1393132
1393133
1393230
1393231
1393232
1393233
1393234
1393235
1393236
1393237
1393238
1393239
1393375
1393376
1393377
1393378
1393399
1500313
1500323
1500333
1502830
1502831
1502832
1502833
1502834
1502835
1502836
1502837
1502838
1502839
1502840
1502841
1502850
1502851
1502852
1503030
1503031
1503032
1503033
1503034
1503035
1503036
1503037
1503038
1503039
1503132
1503133
1503134
1503135
1503136
1503137
1503138
1503139
1503143
1503313
1503340
1503360
1503361
1503362
1503363
1503364
1503365
1503366
1503367
1507530
1507531
1507532
1507533
1507534
1507535
1507536
1507537
1507538
1507539
1507543
1507643
1508130
1508131
1508132
1508133
1508134
1508135
1508136
1508137
1508138
1508139
1508143
1510033
1510313
1510323
1510333
1512730
1512731
1512732
1512733
1512734
1512735
1512736
1512737
1512738
1512739
1512830
1512831
1512832
1512833
1512834
1512835
1512836
1512837
1512838
1512839
1512840
1513230
1513231
1513232
1513233
1513234
1513235
1513236
1513237
1513238
1513239
1513330
1513331
1513332
1513333
1513334
1513335
1513336
1513337
1513338
1513339
1513340
1513341
1520313
1520323
1520333
1523030
1523031
1523032
1523033
1523034
1523036
1523037
1523038
1523039
1523130
1523131
1523132
1523133
1523134
1523135
1523136
1523137
1523138
1523139
1523302
1523303
1523313
1523323
1529730
1529731
1529732
1529733
1529734
1530313
1530333
1532403
1532404
1532407
1532409
1532413
1532417
1532419
1532423
1532427
1532433
1533106
1533313
1534313
1551230
1551231
1551232
1551233
1551234
1551235
1553030
1553031
1553032
1553033
1553034
1553036
1553037
1553038
1553039
1553130
1553131
1553132
1553133
1553134
1553135
1553136
1553137
1553138
1553139
1553230
1553231
1553232
1553233
1553234
1553235
1553236
1553237
1553238
1553239
1553313
1560313
1561230
1561231
1561232
1561233
1561234
1561235
1561236
1561237
1561238
1561239
1563130
1563131
1563132
1563133
1563134
1563135
1563136
1563137
1563138
1563139
1563313
1569042
1569057
1569058
1569059
1569493
1580313
1580323
1580333
1583030
1583031
1583032
1583033
1583034
1583036
1583037
1583038
1583039
1583042
1583059
1583130
1583131
1583132
1583133
1583134
1583135
1583136
1583137
1583138
1583139
1583230
1583231
1583232
1583233
1583234
1583235
1583236
1583237
1583238
1583239
1583269
1583313
1583323
1590313
1593030
1593031
1593032
1593033
1593034
1593035
1593036
1593098
1593130
1593131
1593132
1593133
1593134
1593135
1593232
1593233
1593234
1593235
1593236
1593237
1593238
1593239
1593303
1593313
1593333
1860313
1860323
1860333
1880313
1880323
1880333
1883130
1883131
1883132
1883133
1883134
1883135
1883136
1883137
1883138
1883139
1883230
1883231
1883232
1883233
1883234
1883235
1883236
1883237
1883238
1883239
1890313
1890323
1893130
1893131
1893132
1893133