1300350
1300351
1300352
1301035
1301393
1301394
1301395
1301396
1301397
1301398
1301399
1302350
1302351
1302352
1303353
1303354
1304190
1304191
1304192
1304193
1304194
1304195
1304196
1304197
1304198
1305620
1305621
1305622
1305623
1305624
1305625
1305626
1305627
1305628
1305629
1306350
1306351
1306352
1306353
1306354
1308353
1308354
1309230
1309231
1309232
1309233
1309234
1309235
1309236
1310182
1310183
1311520
1311521
1311522
1314520
1314521
1314522
1315120
1315121
1315122
1315123
1315124
1315178
1315179
1315198
1315199
1316023
1316024
1316025
1316026
1316027
1316028
1316029
1316048
1317414
1317415
1317970
1317971
1317972
1317973
1317974
1318230
1318231
1318232
1318233
1318234
1318235
1318236
1318237
1318238
1318239
1319680
1319681
1319682
1321840
1321853
1321854
1321855
1321856
1321857
1321858
1321859
1321880
1322246
1322516
1322522
1322523
1322524
1322525
1322526
1322527
1322528
1322529
1323600
1323601
1323602
1323603
1323604
1323605
1323606
1323642
1327020
1327021
1327022
1327023
1327024
1327025
1327026
1327027
1327028
1327029
1327033
1327035
1327036
1327048
1327516
1327659
1327669
1329100
1329101
1329102
1329103
1329105
1330520
1330521
1330522
1332793
1332794
1332795
1333793
1333794
1333795
1333896
1333897
1334793
1334794
1334795
1335793
1335794
1335795
1336528
1336529
1337220
1337221
1337222
1337223
1337510
1337511
1337512
1337513
1337514
1338245
1338265
1338266
1338267
1338268
1338269
1339522
1339523
1339524
1339525
1339526
1339527
1339528
1339529
1340127
1340752
1340753
1340754
1350520
1350521
1350522
1351256
1351257
1358536
1358537
1358538
1358539
1358546
1358547
1358548
1358549
1360520
1360521
1360522
1361510
1361511
1361512
1361513
1362512
1362615
1362616
1362617
1364153
1364154
1364520
1364521
1364522
1365520
1365521
1365522
1368510
1368511
1368512
1368513
1368514
1368515
1368516
1368517
1368518
1368519
1370520
1370521
1370522
1377580
1377581
1377582
1377583
1377584
1377585
1377586
1377587
1377588
1377589
1377590
1377591
1377592
1377593
1377594
1377595
1377596
1377597
1377598
1377599
1377658
1377675
1377676
1377677
1377678
1377679
1380520
1380521
1380522
1381325
1381326
1381327
1381328
1381329
1381345
1381346
1381347
1381348
1381349
1381440
1381441
1381442
1381443
1381444
1381530
1381531
1381532
1381533
1381534
1381535
1381536
1381537
1381538
1381539
1385200
1385201
1385202
1385203
1385204
1385205
1385206
1385207
1385208
1385209
1385210
1385211
1385212
1385213
1385214
1385215
1385222
1385223
1385243
1385244
1385245
1385246
1385247
1385248
1390520
1390521
1390522
1391200
1391201
1391202
1391203
1391204
1391345
1391346
1391347
1391348
1391349
1391480
1391481
1391482
1391483
1391484
1391485
1391486
1391487
1391488
1391489
1392175
1392176
1392177
1392178
1392179
1395134
1395135
1395146
1395210
1395211
1395212
1395213
1395214
1395215
1395216
1395217
1395218
1395219
1395220
1395221
1395222
1395223
1395224
1395225
1395226
1395227
1395228
1395229
1500520
1500521
1500522
1505000
1505001
1505002
1505003
1505004
1505005
1505006
1505007
1505008
1505009
1505082
1505083
1505084
1505200
1505201
1505202
1505203
1505204
1505205
1505206
1505207
1505208
1505209
1506144
1506170
1506171
1506200
1506201
1506202
1506203
1506204
1506205
1506206
1506207
1506208
1506209
1506210
1506211
1506212
1506213
1506214
1506215
1506216
1506217
1506218
1506219
1507780
1507781
1509434
1509435
1510520
1510521
1510522
1515000
1515001
1515002
1515003
1515004
1515005
1515006
1515007
1515008
1515009
1515200
1515201
1515202
1515203
1515204
1515205
1515206
1515207
1515208
1515209
1515210
1515211
1515212
1515213
1515214
1515215
1515216
1515217
1515218
1515219
1515245
1515246
1515250
1515251
1515252
1515280
1515281
1516200
1516201
1516202
1516203
1516204
1516205
1516206
1516207
1516208
1516209
1516210
1516211
1516212
1516213
1516214
1516215
1516216
1516217
1516218
1516219
1516220
1516221
1516222
1516223
1516224
1516225
1516226
1516227
1516228
1516229
1518945
1518946
1518947
1518948
1518949
1519065
1519066
1519067
1519068
1519069
1519070
1519071
1519072
1519073
1519074
1519075
1519076
1519077
1519078
1519079
1519545
1519546
1519547
1519548
1519549
1520520
1520521
1520522
1524047
1524048
1524049
1525090
1525091
1525092
1525093
1525094
1525145
1525146
1525147
1525148
1525149
1525200
1525201
1525202
1525203
1525204
1525205
1525206
1525207
1525208
1525209
1525210
1525211
1525212
1525213
1525214
1525215
1525216
1525217
1525218
1525219
1525220
1525221
1525222
1525223
1525224
1525225
1525226
1525227
1525228
1525229
1526200
1526201
1526202
1526203
1526204
1526205
1526206
1526207
1526208
1526209
1526210
1526211
1526212
1526213
1526214
1526215
1526216
1526217
1526218
1526219
1529545
1529546
1529547
1529548
1529549
1529870
1529871
1529872
1529873
1529874
1529875
1529876
1529877
1529878
1529879
1530520
1530521
1530522
1531242
1531243
1531263
1531264
1531265
1531266
1531267
1531268
1531269
1533510
1533511
1533512
1533513
1533764
1534516
1560520
1560521
1560522
1565134
1565135
1565146
1566843
1566844
1566845
1566850
1566890
1566891
1566892
1566893
1566894
1566895
1566896
1566897
1566898
1566899
1569516
1569525
1580520
1580521
1580522
1585200
1585201
1585202
1585203
1585204
1585205
1585206
1585207
1585208
1585209
1585210
1585211
1585212
1585213
1585214
1585215
1585216
1585217
1585218
1585219
1585220
1585221
1585222
1585223
1585224
1585225
1585226
1585227
1585228
1585229
1585230
1585231
1585232
1585233
1585234
1585235
1585236
1585237
1585238
1585239
1585240
1585241
1585242
1585243
1585244
1585245
1585246
1585247
1585248
1585249
1586210
1586211
1586212
1586213
1586214
1586215
1586216
1586217
1586218
1586219
1586220
1586221
1586222
1586223
1586224
1586225
1586226
1586227
1586228
1586229
1589520
1589521
1589522
1589523
1589524
1589525
1589526
1589527
1589528
1589529
1589642
1590520
1590521
1590522
1594900
1594901
1594902
1594903
1594904
1595065
1595066
1595067
1595068
1595069
1595134
1595135
1595146
1595210
1595211
1595212
1595213
1595214
1595215
1595216
1595217
1595218
1595219
1595220
1595221
1595222
1595223
1595224
1595225
1595226
1595227
1595228
1595229
1599685
1599686
1599687
1599688
1599689
1599690
1599691
1599692
1599693
1599694
1599695
1599696
1599697
1599698
1599699
1860141
1860516
1860616
1860617
1860618
1880520
1880521
1880522
1885134
1885135
1885146
1885210
1885211
1885212
1885213
1885214
1885215
1885216
1885217
1885218
1885219
1885220
1885221
1885222
1885223
1885224
1885225
1885226
1885227
1885228
1885229
1890520
1890521
1890522
1891200
1891201
1891202
1891203
1891204
1891345
1891346
1891347
1891348
1891349
1891480
1891481
1891482
1891483
1891484
1891485
1891486
1891487
1891488
1891489
1892175
1892176
1892177
1892178
1892179
1893635
1893636
1893637
1895134
1895135
1895146
1895210
1895211
1895212
1895213
1895214
1895215
1895216
1895217
1895218
1895219
1895220
1895221
1895222
1895223
1895224
1895225
1895226
1895227
1895228
1895229