1303340
1303700
1303701
1303702
1304441
1304442
1308030
1309657
1309767
1309903
1310010
1310350
1311110
1311120
1313310
1313320
1313334
1313340
1313460
1315270
1315284
1315290
1319110
1319120
1320340
1320350
1322350
1322360
1323340
1323350
1328350
1328360
1328365
1329350
1329360
1329361
1329362
1329393
1329450
1329460
1329461
1329463
1330350
1331340
1331350
1332750
1333350
1335340
1335350
1336350
1338340
1338350
1339350
1340350
1340367
1340368
1345300
1345301
1345302
1345303
1345304
1345305
1345306
1345307
1348539
1348540
1350970
1351350
1354610
1354660
1354670
1354676
1354677
1359320
1359321
1359322
1359323
1359324
1360350
1361060
1361350
1362060
1362340
1362350
1363350
1364350
1364363
1365350
1366350
1366360
1375300
1375301
1375302
1375303
1375304
1375305
1375306
1375307
1380035
1380344
1383400
1383449
1383500
1383501
1383502
1383503
1383504
1383505
1383506
1383507
1383508
1383509
1390350
1393400
1393443
1393444
1393500
1393501
1393502
1393503
1393504
1393505
1393506
1393507
1393508
1393509
1399405
1399406
1399407
1399408
1399409
1399410
1399411
1399412
1399413
1399414
1399415
1399416
1399417
1399418
1399419
1500350
1503443
1503444
1503445
1503446
1503447
1503448
1503449
1503500
1503501
1510350
1511050
1511051
1511052
1511053
1511054
1511055
1511056
1511057
1511058
1511059
1513500
1513501
1513502
1513503
1520350
1523476
1523477
1523478
1523479
1523500
1523501
1523502
1523503
1523504
1529660
1530340
1530350
1533340
1533350
1534062
1534063
1534064
1534350
1550350
1551315
1551316
1551317
1551318
1551319
1551320
1551321
1551322
1551323
1551324
1551350
1552562
1552563
1552564
1552565
1552566
1552567
1552568
1552569
1553500
1553501
1553502
1553503
1553504
1553505
1553506
1553507
1553508
1553509
1560350
1563500
1563501
1563502
1563503
1563504
1563505
1563506
1563507
1563508
1563509
1569863
1569864
1580350
1583408
1583409
1583426
1583427
1583428
1583429
1583500
1583501
1583506
1583507
1583508
1583509
1583566
1583567
1590350
1593400
1593426
1593427
1593428
1593429
1593430
1593431
1593432
1593500
1593501
1593502
1593503
1593504
1593505
1860350
1863500
1863501
1863502
1863503
1863504
1880340
1880350
1890350
1893500
1893501
1893502
1893503