1303331
1308531
1308532
1309537
1309965
1309966
1310859
1310879
1311415
1311879
1315079
1317074
1318790
1318791
1318792
1318793
1320879
1321198
1321199
1323879
1330879
1331277
1332047
1332499
1333047
1336879
1337879
1338879
1339879
1346617
1346618
1346619
1350879
1357790
1357791
1357792
1357793
1357794
1357795
1357796
1357797
1357798
1357799
1357817
1357818
1357819
1360879
1361879
1361949
1362879
1364879
1364969
1365879
1375900
1375901
1375902
1375903
1375904
1376907
1376908
1376909
1376990
1376991
1376992
1376993
1376994
1376995
1376996
1376997
1376998
1376999
1388794
1388795
1388796
1388797
1388798
1388799
1390879
1398709
1398790
1398791
1398792
1398793
1398794
1398795
1398796
1398797
1398798
1398799
1500870
1500871
1500872
1500873
1500874
1500875
1500876
1500880
1500881
1508790
1508791
1508792
1508793
1508794
1508795
1508796
1508797
1508798
1508799
1512550
1512551
1512552
1512553
1512554
1512555
1512556
1512557
1512558
1512559
1512560
1512561
1512562
1512563
1512564
1512565
1512566
1512567
1512568
1512569
1515480
1515481
1515482
1515483
1515484
1515485
1515486
1515487
1515488
1515489
1519830
1519831
1520879
1528766
1528767
1528768
1528769
1530879
1533165
1533166
1533446
1534879
1560879
1567030
1567031
1568796
1568797
1568798
1568799
1569468
1589194
1589195
1589196
1589197
1589198
1589199
1589446
1589447
1589448
1589449
1590699
1590879
1591126
1591127
1591128
1591129
1591295
1591296
1591297
1591298
1591299
1592524
1592525
1592526
1592527
1592528
1592529
1592539
1598796
1598797
1598798
1598799
1860879
1880879
1890879
1898790