1303278
1303279
1304483
1304484
1304485
1304486
1304719
1308519
1309324
1309325
1309326
1309847
1310076
1311713
1311714
1313583
1313584
1313585
1314726
1317710
1317711
1317712
1317713
1319720
1319721
1319722
1319723
1321718
1321728
1322740
1322741
1322742
1322743
1322744
1322745
1322746
1322747
1322748
1322749
1323544
1323545
1323546
1323559
1324722
1325718
1325725
1325726
1326492
1326493
1327718
1327750
1327751
1327752
1327753
1327754
1327755
1327756
1327757
1327758
1327759
1329710
1330726
1331053
1331054
1331055
1331726
1332982
1332983
1333749
1333994
1334355
1336718
1337796
1338523
1338769
1339619
1340270
1340271
1340272
1340273
1340274
1340275
1340276
1340277
1340278
1340279
1340300
1340301
1340302
1340303
1340304
1340305
1340306
1340307
1340308
1340309
1345101
1345102
1345103
1346972
1346973
1346974
1346975
1347720
1347721
1347722
1347723
1347724
1347725
1347726
1347727
1347728
1347787
1347788
1347789
1347790
1347791
1347792
1347793
1347794
1347795
1351713
1351714
1351715
1351716
1351717
1351718
1358120
1358121
1358122
1359360
1359361
1359362
1359363
1359364
1359775
1359776
1359777
1359778
1359779
1359780
1359781
1360724
1361718
1363574
1363575
1363576
1363577
1363627
1363628
1363629
1364718
1366905
1368719
1369718
1378990
1387270
1387271
1387272
1387273
1387274
1388675
1388676
1388677
1388678
1388679
1390726
1397187
1397188
1397189
1397240
1397241
1397242
1397243
1397244
1398684
1398685
1398686
1399775
1399776
1399777
1399778
1399779
1502718
1502719
1502720
1502721
1502722
1502723
1507183
1507184
1507185
1507186
1507187
1507188
1507189
1517102
1517103
1517104
1517105
1517106
1517107
1517108
1517109
1517193
1517194
1517195
1517196
1517197
1517198
1517199
1517280
1517281
1517282
1517283
1517284
1517285
1517286
1517287
1517288
1517289
1517290
1517291
1517292
1517293
1517294
1517295
1517296
1517297
1517298
1517299
1527221
1527222
1527223
1527224
1527225
1527226
1527290
1527291
1527292
1527293
1527294
1527295
1527296
1527297
1527298
1527299
1530726
1532700
1532701
1532702
1532703
1532704
1532705
1532789
1533400
1533401
1533580
1533581
1533582
1533583
1533584
1533585
1533730
1534700
1534701
1534702
1534703
1534704
1534712
1534713
1534714
1534715
1554910
1554911
1554912
1554913
1554914
1554915
1554916
1554917
1554918
1554919
1554920
1554921
1554922
1554923
1554924
1554925
1554926
1557050
1557051
1557052
1557053
1557054
1557055
1557056
1557057
1557058
1557059
1557178
1557179
1557180
1557181
1557182
1557183
1557184
1557185
1557186
1557187
1557188
1557189
1557240
1557241
1557242
1557243
1557244
1560726
1561480
1561481
1561482
1562920
1562921
1562922
1562923
1562924
1562925
1562926
1562940
1567150
1567151
1567152
1567153
1567187
1567188
1567189
1569726
1582666
1582667
1582668
1582669
1582670
1592610
1592611
1592612
1592613
1592614
1597168
1597169
1597170
1597171
1597172
1597173
1597174
1597175
1597176
1597177
1597178
1597179
1597180
1597181
1597182
1597183
1597241
1597242
1597243
1597244
1597245
1597246
1597247
1599770
1599771
1599772
1599773
1599774
1599775
1599776
1599777
1599778
1599779
1860279
1860726
1867169
1880726
1887278
1887279
1887280
1887281
1890726
1897187
1897188
1897189
1897240
1897241
1897242
1897243
1897244
1898684
1898685
1898686
1899592