1302089
1303140
1303141
1303142
1303209
1308189
1308459
1309133
1309135
1310304
1310314
1310324
1310334
1313140
1313141
1313142
1313143
1313144
1313145
1313146
1313147
1313148
1313149
1316552
1316650
1317160
1317161
1317162
1318010
1318011
1319163
1319189
1323140
1323141
1323142
1323143
1323144
1323145
1323146
1323147
1323148
1323149
1325317
1325318
1325319
1328335
1328336
1328337
1328338
1328339
1329320
1329321
1329322
1329323
1329324
1329325
1329326
1329327
1329328
1329329
1330314
1331314
1331328
1331338
1331587
1331588
1331589
1332314
1333314
1333339
1334314
1334338
1334339
1336314
1337314
1337358
1338314
1338364
1339314
1339866
1339867
1339868
1339869
1340314
1340324
1340334
1346314
1346334
1346348
1346349
1346365
1346366
1346367
1347206
1347207
1347208
1347209
1347314
1348386
1348387
1348388
1348389
1350314
1350334
1351314
1351324
1358242
1358286
1360314
1360334
1361314
1361324
1362314
1362324
1363314
1363324
1364314
1364324
1365314
1365324
1365334
1366314
1366334
1367314
1367324
1370314
1372236
1372240
1372241
1373014
1373024
1373034
1373140
1373141
1373142
1373143
1373144
1373324
1373334
1378445
1378453
1378537
1378538
1378539
1378544
1380314
1383140
1383141
1383142
1383143
1383144
1383145
1383146
1383147
1383148
1383149
1383240
1383241
1383242
1383243
1383244
1383245
1383246
1383247
1383248
1383249
1383340
1383341
1383342
1383343
1390314
1390324
1393140
1393141
1393142
1393240
1393241
1393242
1393243
1393244
1393245
1393246
1393247
1393248
1393249
1500314
1500324
1502853
1502854
1502855
1502892
1502893
1502894
1502895
1502896
1502897
1502898
1502899
1503130
1503131
1503163
1503165
1503166
1503167
1503168
1503169
1503314
1507549
1507635
1507636
1507637
1507689
1507690
1507691
1507692
1507693
1507694
1507695
1507696
1507697
1507698
1507699
1509780
1509781
1509782
1509783
1509785
1509786
1509787
1509788
1509789
1510314
1510324
1512855
1512856
1512857
1512858
1512859
1512860
1512861
1512862
1512863
1512864
1512893
1513148
1513168
1513169
1513380
1513381
1513382
1513383
1513384
1513385
1513386
1513387
1513388
1513389
1517674
1517675
1517676
1517677
1517678
1517679
1517680
1520314
1520324
1522789
1523087
1523088
1523089
1523140
1523141
1523142
1523143
1523144
1523145
1523146
1523147
1523148
1523149
1523168
1523169
1523309
1523314
1523324
1523340
1523341
1523342
1523343
1523344
1523345
1523346
1523347
1523348
1523349
1524335
1524336
1524337
1524338
1524339
1530314
1532406
1532416
1532426
1533314
1534314
1551236
1551237
1551238
1551239
1551248
1551249
1553140
1553141
1553142
1553143
1553144
1553145
1553146
1553147
1553148
1553149
1553314
1560314
1561245
1561246
1561247
1561248
1561249
1561265
1561266
1561267
1561268
1561269
1563240
1563241
1563242
1563243
1563244
1563245
1563246
1563247
1563248
1563249
1563314
1569008
1569009
1569490
1569494
1580314
1580324
1580334
1583140
1583141
1583142
1583143
1583145
1583146
1583148
1583149
1583240
1583241
1583242
1583243
1583288
1583289
1583314
1583324
1583326
1590314
1590324
1590334
1593008
1593009
1593099
1593140
1593240
1593241
1593314
1593365
1593366
1593367
1593368
1860314
1860324
1860334
1880314
1880324
1880334
1883140
1883141
1883142
1883143
1883144
1883145
1883146
1883147
1883148
1883149
1883240
1883241
1883242
1883243
1883244
1883245
1883246
1883247
1883248
1883249
1890314
1890324
1893140
1893141
1893142