1300924
1300925
1300926
1301965
1301966
1302034
1302924
1302925
1302926
1303070
1303071
1304263
1304264
1305010
1305011
1305012
1305013
1305014
1305015
1305016
1305017
1305018
1305019
1308130
1308131
1308132
1308133
1308134
1308227
1308228
1310413
1310423
1312413
1312551
1312552
1313030
1313031
1313032
1313033
1313034
1313035
1313036
1313037
1313413
1315413
1315423
1318825
1318826
1318827
1318828
1318829
1319413
1320413
1320424
1320425
1321413
1322413
1323413
1323695
1323810
1323813
1325274
1325275
1325276
1327413
1327423
1328413
1330413
1330423
1330493
1331413
1332212
1332213
1332413
1332423
1333212
1333213
1334212
1334213
1335212
1335213
1335413
1335869
1335879
1336413
1336423
1337284
1338413
1338423
1339043
1339413
1339422
1339423
1346443
1347051
1347052
1347053
1347054
1347055
1347056
1347057
1347058
1347059
1350043
1350413
1350423
1351413
1359153
1359154
1359155
1359156
1359157
1360413
1361413
1361423
1361493
1362413
1362423
1364413
1365413
1365423
1370013
1370413
1370493
1374130
1374131
1374132
1374134
1374135
1374136
1374137
1374138
1374139
1374230
1374231
1374232
1374233
1374234
1374235
1374236
1374237
1374238
1374239
1380413
1380423
1380493
1384130
1384131
1384132
1384133
1384134
1384135
1384136
1384137
1384138
1384139
1384230
1384231
1384232
1384233
1384234
1384235
1384236
1384237
1384238
1384239
1389830
1389831
1389832
1389833
1389834
1390413
1390423
1390493
1394130
1394131
1394132
1394133
1394134
1394135
1394136
1394137
1394138
1394139
1394230
1394231
1394232
1394233
1394234
1394235
1394236
1394237
1394238
1394239
1500413
1504080
1504081
1504082
1504083
1504084
1504130
1504131
1504132
1504133
1504134
1504135
1504136
1504137
1504138
1504139
1504235
1504236
1504237
1504238
1504239
1510413
1513410
1513411
1513412
1513413
1514130
1514131
1514132
1514133
1514134
1514135
1514136
1514137
1514138
1514139
1524130
1524131
1524132
1524133
1524134
1524230
1524231
1524232
1524233
1524234
1524235
1524236
1524237
1524238
1524239
1524270
1524271
1524272
1524273
1524274
1530413
1530423
1530424
1532619
1533085
1554130
1554131
1554132
1554277
1560413
1560423
1560493
1564130
1564131
1564132
1564133
1564134
1564135
1564136
1564137
1564138
1564139
1566326
1566327
1566328
1566329
1569413
1569423
1569893
1569894
1580413
1584130
1584131
1584132
1584133
1584134
1584135
1584136
1584137
1584138
1584139
1584230
1584231
1584232
1584233
1584234
1584235
1584236
1584237
1584238
1584239
1589830
1589831
1589832
1589833
1589834
1589835
1589836
1589837
1589838
1589839
1590413
1594130
1594131
1594132
1594133
1594134
1594135
1594136
1594137
1594138
1594139
1860413
1860423
1880413
1884130
1884131
1884132
1884133
1884134
1884135
1884136
1884137
1884138
1884139
1890413
1890423
1890493
1894030
1894031
1894032
1894033
1894034
1894035
1894036
1894037
1894038
1894039