1322890
1322891
1322898
1322899
1329890
1329891
1329895
1329897
1329898
1329899
1330890
1330891
1330898
1330899
1332250
1332251
1332258
1332259
1339800
1339801
1339808
1339809
1351890
1351891
1351893
1351897
1351898
1351899
1354900
1354901
1354906
1354907
1354908
1354909
1361890
1361891
1361898
1361899
1362890
1362891
1362898
1362899
1363890
1363891
1363898
1363899
1364890
1364891
1364898
1364899
1365890
1365891
1365898
1365899
1365950
1365951
1365952
1365953
1365954
1388900
1388901
1388908
1388909
1390890
1390891
1390898
1390899
1398900
1398901
1398908
1398909
1398990
1398991
1398998
1398999
1508900
1508901
1508902
1508903
1508904
1508905
1508908
1508909
1520800
1520801
1528900
1528901
1528908
1528909
1528910
1528911
1528918
1528919
1533133
1533137
1534890
1534891
1534898
1534899
1560890
1560891
1560898
1560899
1569260
1569261
1569268
1569269
1588900
1588901
1588907
1588908
1588909
1868900
1868901
1868908
1868909
1888900
1888901
1888908
1888909
1890890
1890891
1890898
1890899
1898900
1898901
1898908
1898909
1898990
1898991
1898998
1898999