1300766
1301753
1301754
1301760
1302755
1302766
1304373
1304475
1306935
1306936
1306937
1306938
1306939
1307260
1307261
1307262
1307263
1307264
1307265
1307266
1307267
1307268
1307269
1308373
1308380
1308381
1308382
1308420
1308421
1310173
1310373
1310380
1313730
1313731
1313732
1314058
1314059
1318309
1318310
1318311
1322373
1322374
1322375
1322376
1322377
1323380
1323381
1323382
1323383
1323384
1324328
1324329
1324349
1326210
1326211
1326212
1326213
1326214
1326215
1326216
1326217
1326218
1326219
1327372
1327373
1328372
1328373
1330373
1330380
1332373
1332380
1333373
1333380
1334373
1334380
1334666
1334667
1334668
1335366
1335367
1335368
1335373
1337373
1337374
1337375
1337376
1338373
1338380
1340373
1340920
1340921
1340922
1340923
1340924
1341985
1341986
1341987
1341988
1341989
1346024
1346042
1346043
1346047
1346048
1346049
1346220
1346221
1346222
1346223
1346224
1346225
1346226
1346227
1346228
1346229
1346230
1346231
1346232
1346233
1346234
1346235
1346236
1346237
1346238
1346239
1350343
1350344
1350373
1350380
1351373
1352322
1352323
1352324
1352325
1352373
1352384
1352385
1352386
1352387
1352500
1352501
1352502
1352503
1352504
1352505
1352506
1352507
1352508
1352509
1356940
1356941
1356942
1356943
1356944
1356980
1356981
1356982
1356983
1356984
1356985
1356986
1356987
1356988
1356989
1359860
1359861
1359862
1359863
1359864
1359865
1359866
1359867
1359868
1359869
1359870
1359871
1359872
1359873
1359874
1360373
1360393
1361373
1361390
1362373
1362390
1363373
1363390
1363963
1364373
1364390
1365373
1365390
1366303
1366373
1366390
1367350
1367351
1367352
1367353
1367354
1367373
1368373
1369373
1370073
1370343
1370373
1370765
1374934
1374935
1374936
1374937
1374938
1374939
1378190
1378191
1378192
1378193
1378194
1378195
1378196
1378197
1378198
1378199
1378250
1378251
1378252
1378253
1378254
1378255
1378256
1378257
1378258
1378259
1378373
1380373
1380380
1383730
1383731
1383732
1383733
1383734
1383735
1383736
1383737
1383738
1383739
1383905
1383906
1383907
1383908
1383909
1384934
1384935
1384936
1384937
1384938
1384939
1390373
1390380
1393730
1393731
1393732
1393733
1393734
1393735
1393736
1393737
1393738
1393739
1393870
1393871
1393872
1393873
1393874
1393875
1393876
1394960
1394961
1394962
1394963
1394964
1500373
1503660
1503661
1503662
1503663
1503664
1503730
1503731
1503732
1503733
1503734
1503735
1503736
1503737
1503738
1503739
1508310
1508311
1508312
1508313
1508314
1509005
1509006
1509007
1509008
1509009
1509030
1509031
1509032
1509033
1509034
1509035
1509036
1509037
1509038
1509039
1509040
1509041
1509042
1509043
1509044
1509045
1509046
1509047
1509048
1509049
1510373
1513670
1513671
1513672
1513673
1513674
1513675
1513676
1513677
1513678
1513679
1513730
1513731
1513732
1513733
1513734
1513735
1513736
1513737
1513738
1513739
1520373
1522590
1522591
1522592
1522593
1522594
1522595
1522596
1522597
1522598
1522599
1523645
1523646
1523647
1523648
1523649
1523660
1523661
1523662
1523663
1523664
1523730
1523731
1523732
1523733
1523734
1523735
1523736
1523737
1523738
1523739
1529485
1529486
1529487
1529488
1529489
1530373
1533125
1533373
1534373
1551640
1551641
1551642
1551643
1551644
1551645
1551646
1551647
1551648
1551649
1551650
1551651
1551652
1551653
1551654
1551655
1551656
1551657
1551658
1551659
1551660
1551661
1551662
1551730
1551731
1551732
1551733
1551734
1551735
1551736
1551737
1553730
1553731
1553732
1553733
1553734
1553735
1553736
1553737
1553738
1553739
1554428
1554429
1560373
1560380
1560381
1560382
1561710
1561711
1561712
1561713
1561714
1561715
1561716
1561717
1561718
1561719
1561747
1563730
1563731
1563732
1563733
1563734
1563735
1563736
1563737
1563738
1563739
1564960
1564961
1564962
1564963
1564964
1566408
1566409
1567265
1567266
1569078
1569079
1580373
1583600
1583601
1583602
1583603
1583604
1583605
1583606
1583607
1583608
1583609
1583610
1583611
1583612
1583613
1583614
1583615
1583616
1583617
1583618
1583619
1583730
1583731
1583732
1583733
1583734
1583735
1583736
1583737
1583738
1583739
1589380
1589381
1589382
1589383
1589384
1589385
1589386
1589387
1589388
1589389
1590300
1590301
1590302
1590303
1590304
1590305
1590306
1590307
1590308
1590309
1590373
1590385
1590386
1590387
1590388
1590389
1593650
1593651
1593652
1593653
1593654
1593655
1593656
1593657
1593658
1593659
1593730
1593731
1593732
1593733
1593734
1593735
1593736
1593737
1593738
1593739
1599300
1599301
1599302
1599303
1599304
1599305
1599306
1599307
1599308
1599309
1860373
1860380
1863909
1880373
1883730
1883731
1883732
1883733
1883734
1883735
1883736
1883737
1883738
1883739
1890373
1890380
1893730
1893731
1893732
1893733
1893734
1893735
1893736
1893737
1893738
1893739