1300805
1301535
1301545
1302805
1303805
1304445
1306805
1308036
1309655
1309665
1309755
1309765
1310006
1310016
1310346
1310356
1311114
1311116
1311126
1313306
1313316
1313336
1313337
1313346
1313466
1315276
1315286
1315296
1319116
1319126
1320346
1320356
1320987
1322356
1322367
1323327
1323328
1323329
1323330
1323331
1323332
1323333
1323346
1323356
1328356
1329356
1329376
1329389
1329456
1329464
1330356
1331346
1331356
1332756
1333356
1335346
1335356
1336346
1336356
1338346
1338356
1339346
1339356
1340356
1345360
1345361
1345362
1345363
1345364
1350356
1350976
1351356
1354621
1354661
1354662
1359330
1359331
1359332
1359333
1359334
1359335
1361066
1361356
1362064
1362356
1363346
1363356
1364356
1365346
1365347
1365356
1366346
1366356
1366366
1370056
1370356
1375360
1375361
1375362
1375363
1375364
1375365
1375366
1375367
1375368
1375369
1383406
1383431
1383432
1383490
1383491
1383492
1383493
1383560
1383561
1383562
1383563
1383564
1383565
1383566
1383567
1383568
1383569
1390356
1393406
1393431
1393432
1393560
1393561
1393562
1393563
1393564
1393565
1393566
1393567
1393568
1393569
1399470
1399471
1399472
1399473
1399474
1500356
1503460
1503461
1503462
1503463
1510356
1513560
1513561
1513562
1513563
1513564
1513565
1513566
1513567
1513568
1513569
1520356
1523460
1523461
1523462
1523463
1523464
1523465
1523466
1523467
1523560
1523561
1523562
1523563
1523564
1529666
1530346
1530356
1533346
1533356
1534086
1534087
1534088
1534356
1550356
1551337
1551338
1551339
1551356
1552550
1552551
1552552
1552553
1552554
1553460
1553461
1553462
1553463
1553464
1553560
1553561
1553562
1553563
1553564
1553565
1553566
1553567
1553568
1553569
1560356
1563560
1563561
1563562
1563563
1563564
1563565
1563566
1563567
1563568
1563569
1569845
1569851
1580356
1583420
1583421
1583433
1583560
1583561
1583562
1583568
1583569
1590356
1593406
1593416
1593417
1593418
1593419
1593506
1593507
1593560
1860356
1863560
1863561
1863562
1863563
1863564
1880346
1880356
1890356
1893526
1893527
1893528
1893529