1303345
1303703
1303704
1304443
1304444
1308039
1309660
1309764
1309768
1310004
1310349
1311102
1313303
1313311
1313349
1313461
1315271
1315293
1319102
1320349
1322361
1323349
1328369
1329368
1329369
1329398
1329469
1330349
1331349
1332749
1333349
1335349
1336349
1338349
1339349
1340349
1345308
1345309
1351369
1354608
1354609
1354620
1354678
1354679
1359344
1359345
1359346
1359347
1359348
1359349
1361349
1362348
1362349
1363349
1364349
1364364
1365349
1366340
1366349
1366369
1370350
1373417
1373418
1373419
1375308
1375309
1380034
1383419
1383440
1383442
1383443
1383444
1383497
1383498
1383499
1390349
1393419
1393440
1393442
1393483
1393484
1393485
1393490
1393491
1393492
1393493
1393494
1393495
1393496
1393497
1393498
1393499
1399490
1399491
1399492
1399493
1399494
1500349
1510349
1511080
1511081
1511082
1511083
1511084
1511085
1513507
1520349
1523490
1523491
1523492
1523493
1523494
1523495
1523496
1523505
1523506
1523507
1523508
1523509
1529669
1530349
1533349
1534060
1534061
1534353
1550349
1551330
1551331
1551332
1551333
1551334
1551335
1553490
1553491
1553492
1553493
1553494
1553495
1553496
1553497
1560349
1563490
1563491
1563492
1563493
1563494
1563495
1569865
1569866
1580347
1580349
1583425
1583430
1583431
1583432
1583549
1590349
1593449
1593549
1860349
1863569
1863599
1880349
1883490
1890349
1893547
1893548
1893549