1300360
1300361
1300362
1300363
1300364
1300365
1300366
1300367
1300368
1300369
1300428
1301036
1301890
1301891
1301892
1301893
1301894
1301895
1301896
1301897
1301898
1301899
1302360
1302361
1302362
1302363
1302364
1302365
1302366
1302367
1302368
1302369
1302427
1302428
1302429
1303360
1303361
1303420
1303421
1304571
1304760
1304761
1304762
1304763
1304764
1304765
1304766
1304767
1306470
1306471
1306472
1306473
1306474
1306475
1306476
1306477
1306478
1306479
1306570
1306571
1306572
1306573
1306574
1306770
1306771
1306772
1306773
1306774
1306775
1306776
1306777
1306778
1306779
1306780
1306781
1306782
1306783
1306784
1306785
1306786
1306787
1306788
1306789
1306790
1306791
1306792
1306793
1306794
1306795
1306796
1306797
1306798
1306799
1307180
1307181
1307182
1307183
1307184
1307185
1307186
1307187
1307188
1307189
1307360
1307361
1307362
1307363
1307364
1307365
1307366
1307367
1307368
1307369
1308280
1308281
1308282
1308283
1308284
1308285
1308395
1308396
1308397
1308398
1308399
1309370
1309371
1309372
1309373
1309374
1309375
1309376
1309377
1309378
1309379
1309480
1309481
1309571
1310571
1310581
1310770
1310771
1310772
1310773
1310774
1311571
1311670
1311671
1311672
1311673
1311674
1311675
1311676
1311677
1311678
1311679
1312390
1312391
1312392
1312393
1312394
1312395
1313610
1313611
1313612
1313613
1313614
1313615
1313616
1313617
1313618
1313619
1314830
1314831
1314832
1314833
1314834
1314835
1314836
1314837
1314838
1314839
1314840
1314841
1314842
1314843
1314844
1314845
1314846
1314847
1314848
1314849
1315710
1315711
1315712
1315713
1315714
1315715
1315716
1315717
1315718
1315719
1316494
1316495
1316595
1316596
1316597
1316598
1316599
1317360
1317361
1317362
1317363
1317364
1317365
1317366
1317367
1317368
1317369
1317500
1317501
1317502
1317503
1317504
1317505
1317506
1317507
1317508
1317509
1317510
1317511
1317512
1317513
1317514
1318420
1318421
1318422
1318423
1318424
1318441
1318500
1318501
1318502
1318503
1318504
1318505
1318506
1318507
1318508
1318509
1318571
1318695
1318696
1318697
1318698
1318699
1320571
1320581
1320800
1320801
1320802
1320803
1320804
1321610
1321611
1321612
1321613
1321614
1321615
1321616
1321617
1321618
1321619
1321670
1321671
1321681
1322100
1322101
1322102
1322103
1322104
1322105
1322106
1322107
1322108
1322109
1322140
1322141
1322180
1322181
1322182
1322183
1323571
1323581
1324840
1324841
1324842
1324843
1324844
1324845
1325080
1325081
1325082
1325083
1325084
1325100
1325101
1325102
1325571
1325581
1327671
1327681
1328200
1328201
1328202
1328203
1328210
1328211
1328212
1328213
1328214
1328215
1328216
1328217
1328218
1328219
1328240
1328241
1328242
1328243
1328280
1328281
1328282
1328283
1328284
1328571
1328581
1329140
1329141
1329142
1329148
1329180
1329181
1329182
1329183
1329184
1329185
1329186
1329187
1329188
1329189
1329571
1329581
1329671
1329672
1329673
1329674
1329675
1329676
1330571
1330581
1330650
1330651
1330652
1330653
1330671
1330681
1332571
1332581
1332591
1332613
1332614
1333571
1333581
1333588
1333600
1333601
1333602
1333603
1333604
1333605
1333606
1333607
1333608
1333609
1333610
1333611
1333612
1333613
1333614
1333615
1333616
1333617
1333618
1333619
1334571
1334581
1334615
1334616
1334617
1334618
1334619
1335571
1335578
1335581
1335710
1335711
1335712
1335713
1335714
1335715
1335716
1335717
1335718
1335719
1336210
1336211
1336212
1336213
1336214
1336215
1336216
1336217
1336218
1336219
1336289
1337240
1337241
1337250
1337251
1337252
1337253
1337254
1337255
1337256
1337257
1337571
1337581
1337681
1337682
1337683
1338571
1338581
1338650
1338651
1338652
1338653
1338842
1338843
1338860
1338861
1339571
1339581
1339650
1339651
1339652
1339653
1339654
1339655
1339656
1339657
1339658
1339659
1339671
1339681
1342910
1342911
1342912
1342913
1342914
1342915
1342916
1342917
1342918
1342919
1342960
1342961
1342962
1342963
1342964
1342965
1342966
1342967
1342968
1342969
1345410
1345411
1345412
1345413
1345414
1345415
1345416
1345417
1345418
1345419
1345440
1345441
1345442
1345443
1345444
1345445
1345446
1345447
1345448
1345449
1345670
1345671
1345672
1345673
1345674
1345675
1345676
1345677
1345678
1345679
1345680
1345681
1345682
1345683
1345684
1345685
1345686
1345687
1345688
1345689
1345690
1345691
1345692
1345693
1345694
1345695
1345696
1345697
1345698
1345699
1348400
1348401
1348402
1348403
1348404
1348610
1348611
1348612
1348613
1348614
1348615
1348616
1348617
1348618
1348619
1348635
1348636
1348637
1348638
1348639
1350571
1350581
1350671
1350681
1351571
1351581
1351670
1351671
1351672
1351677
1351680
1351681
1351682
1351685
1351687
1356710
1356711
1356712
1356713
1356714
1356715
1356716
1356717
1356718
1356719
1357545
1357546
1357547
1357548
1357549
1357570
1357571
1357572
1357573
1357574
1357575
1357576
1357577
1357578
1357579
1358800
1358801
1358802
1358803
1358804
1358805
1358806
1358807
1358808
1358809
1358810
1358811
1358812
1358813
1358814
1358815
1358816
1358817
1358818
1358819
1358820
1358821
1358822
1358823
1358824
1358825
1358826
1358827
1358828
1358829
1358830
1358831
1358832
1358833
1358834
1358835
1358836
1358837
1358838
1358839
1358840
1358841
1358842
1358843
1358844
1358845
1358846
1358847
1358848
1358849
1358870
1358871
1358872
1358873
1358874
1358875
1358876
1358877
1358878
1358879
1358880
1358881
1358882
1358883
1358884
1358885
1358886
1358887
1358888
1358889
1360051
1360052
1360053
1360054
1360570
1360571
1360580
1360581
1360650
1360651
1360652
1360653
1360654
1360660
1360661
1360662
1360663
1360664
1360670
1360671
1360680
1360681
1361571
1361581
1361650
1361651
1361652
1361653
1361654
1361655
1361671
1361681
1362571
1362581
1362671
1363410
1363411
1363412
1363413
1363414
1363415
1363416
1363417
1363418
1363419
1364571
1364581
1364671
1364681
1364682
1364683
1364684
1364685
1364686
1364687
1365571
1365581
1365663
1365664
1365665
1365666
1365667
1365668
1365669
1365671
1365681
1366660
1366661
1366662
1366663
1366664
1366665
1366666
1366667
1366668
1366669
1367581
1367582
1367583
1367584
1367585
1367586
1367587
1367588
1367589
1368574
1368575
1368576
1368577
1368578
1368579
1370571
1370581
1370650
1370651
1370671
1370681
1373220
1373221
1373222
1373223
1373224
1373225
1373226
1373227
1373228
1373229
1373540
1373541
1373542
1373543
1373544
1373545
1373546
1373547
1373548
1373549
1373550
1373551
1373552
1373553
1373554
1373555
1373556
1373557
1373558
1373559
1373580
1373581
1373582
1373583
1373584
1373585
1373586
1373587
1373588
1373589
1373800
1373801
1373802
1373803
1373804
1373805
1373806
1373807
1373808
1373809
1373810
1373811
1373812
1373813
1373814
1373815
1373816
1373817
1373818
1373819
1375080
1375081
1375082
1375083
1375084
1375085
1375086
1375087
1375088
1375089
1375431
1375432
1375710
1375711
1375712
1375713
1375714
1375715
1375716
1375717
1375718
1375719
1375810
1375811
1375812
1375813
1375814
1375815
1375816
1375817
1375818
1375819
1375820
1375821
1375822
1375823
1375824
1375825
1375826
1375827
1375828
1375829
1377735
1377736
1377737
1377738
1377739
1377740
1377741
1377742
1377743
1377744
1377745
1377746
1377747
1377748
1377749
1377755
1377756
1377757
1377758
1377759
1377780
1377781
1377782
1377783
1377784
1377785
1377786
1377787
1377788
1377789
1380057
1380068
1380069
1380570
1380571
1380572
1380573
1380574
1380575
1380576
1380577
1380578
1380579
1380650
1380651
1380652
1381910
1381911
1381912
1381913
1381914
1381915
1381916
1381917
1381918
1381919
1381945
1381946
1381947
1381948
1381949
1385710
1385711
1385712
1385713
1385714
1385715
1385716
1385717
1385718
1385719
1385800
1385801
1385802
1385803
1385804
1385805
1385806
1385807
1385808
1385809
1385810
1385811
1385812
1385813
1385814
1385815
1385816
1385817
1385818
1385819
1386710
1386711
1386712
1386713
1386714
1386715
1386716
1386717
1386718
1386719
1386740
1386741
1386742
1386743
1386744
1386745
1386746
1386747
1386748
1386749
1386800
1386801
1386802
1386803
1386804
1386805
1386806
1386807
1386808
1386809
1386810
1386811
1386812
1386813
1386814
1386815
1386816
1386817
1386818
1386819
1390065
1390066
1390571
1390581
1390650
1390651
1390652
1390653
1390671
1390681
1395710
1395711
1395712
1395713
1395714
1395715
1395716
1395717
1395718
1395719
1395800
1395801
1395802
1395803
1395804
1395805
1395806
1395807
1395808
1395809
1395810
1395811
1395812
1395813
1395814
1395815
1395816
1395817
1395818
1395819
1396710
1396711
1396712
1396713
1396714
1396715
1396716
1396717
1396718
1396719
1396800
1396801
1396802
1396803
1396804
1396805
1396806
1396807
1396808
1396809
1396810
1396811
1396812
1396813
1396814
1396815
1396816
1396817
1396818
1396819
1398945
1398946
1398947
1398948
1398949
1398980
1398981
1398982
1398983
1398984
1398985
1398986
1398987
1398988
1398989
1500571
1500581
1502440
1502441
1502442
1502443
1502444
1502445
1502446
1502447
1502448
1502449
1505710
1505711
1505712
1505713
1505714
1505715
1505716
1505717
1505718
1505719
1505810
1505811
1505812
1505813
1505814
1505815
1505816
1505817
1505818
1505819
1506710
1506711
1506712
1506713
1506714
1506715
1506716
1506717
1506718
1506719
1506810
1506811
1506812
1506813
1506814
1506815
1506816
1506817
1506818
1506819
1506870
1506871
1506872
1506873
1506874
1506875
1506876
1506877
1506878
1506879
1506880
1506881
1506882
1506883
1506884
1506885
1506886
1506887
1506888
1506889
1508860
1508861
1508862
1508863
1508864
1508865
1508866
1508867
1508868
1508869
1508870
1508871
1508872
1508873
1508874
1508875
1508876
1508877
1508878
1508879
1510571
1510581
1515710
1515711
1515712
1515713
1515714
1515715
1515716
1515717
1515718
1515719
1515800
1515801
1515802
1515803
1515804
1515805
1515806
1515807
1515808
1515809
1515810
1515811
1515812
1515813
1515814
1515815
1515816
1515817
1515818
1515819
1515880
1515881
1515882
1515883
1515884
1515885
1515886
1515887
1515888
1515889
1516710
1516711
1516712
1516713
1516714
1516715
1516716
1516717
1516718
1516719
1516820
1516821
1516822
1516823
1516824
1516825
1516826
1516827
1516828
1516829
1516830
1516831
1516832
1516833
1516834
1516835
1516836
1516837
1516838
1516839
1516840
1516841
1516842
1516843
1516844
1516845
1516846
1516847
1516848
1516849
1520571
1520581
1522400
1522401
1522402
1522403
1522404
1522405
1522406
1522407
1522408
1522409
1525710
1525711
1525712
1525713
1525714
1525715
1525716
1525717
1525718
1525719
1525880
1525881
1525882
1525883
1525884
1525885
1525886
1525887
1525888
1525889
1526700
1526701
1526702
1526703
1526704
1526705
1526706
1526707
1526708
1526709
1526710
1526711
1526712
1526713
1526714
1526715
1526716
1526717
1526718
1526719
1526742
1526743
1526744
1526745
1526746
1526747
1526748
1526749
1526810
1526811
1526812
1526813
1526814
1526815
1526816
1526817
1526818
1526819
1526850
1526851
1526852
1526853
1526854
1526855
1526856
1526857
1526858
1526859
1526880
1526881
1526882
1526883
1526884
1530571
1530581
1530650
1530651
1530652
1530653
1530654
1530655
1530656
1530657
1530658
1530659
1530671
1530681
1531460
1531461
1531462
1531463
1531464
1531465
1531466
1531467
1531468
1531469
1532571
1532581
1532588
1533650
1533651
1533652
1533653
1533654
1533655
1533656
1533657
1533658
1533659
1533687
1533688
1533689
1533761
1534571
1534581
1534582
1534588
1550030
1550031
1550032
1550033
1550034
1550035
1550036
1550037
1550038
1550039
1550040
1550041
1550042
1550043
1550044
1550571
1550581
1555710
1555711
1555712
1555713
1555714
1555715
1555716
1555717
1555718
1555719
1555800
1555801
1555802
1555803
1555804
1555805
1555806
1555807
1555808
1555809
1555810
1555811
1555812
1555813
1555814
1555815
1555816
1555817
1555818
1555819
1560571
1560581
1560588
1560650
1560651
1560652
1560653
1560671
1560681
1565710
1565711
1565712
1565713
1565714
1565715
1565716
1565717
1565718
1565719
1565800
1565801
1565802
1565803
1565804
1565805
1565806
1565807
1565808
1565809
1565810
1565811
1565812
1565813
1565814
1565815
1565816
1565817
1565818
1565819
1565880
1565881
1565882
1565883
1565884
1565885
1565886
1565887
1565888
1565889
1566900
1566901
1566902
1566903
1566904
1566905
1566906
1566907
1566908
1566909
1566940
1566941
1566942
1566943
1566944
1566945
1566946
1566947
1566948
1566949
1566990
1566991
1566992
1566993
1566994
1566995
1566996
1566997
1566998
1566999
1567600
1567601
1567602
1567603
1567604
1567605
1567606
1567607
1567608
1567609
1567640
1567641
1567642
1567643
1567644
1567645
1567646
1567647
1567648
1567649
1567650
1567651
1567652
1567653
1567654
1567655
1567656
1567657
1567658
1567659
1569571
1569584
1569588
1580571
1580581
1582410
1582411
1582412
1582413
1582414
1582415
1582416
1582417
1582418
1582419
1582440
1582441
1582442
1582443
1582444
1582445
1582446
1582447
1582448
1582449
1582550
1582551
1582552
1582553
1582554
1585710
1585711
1585712
1585713
1585714
1585715
1585716
1585717
1585718
1585719
1585810
1585811
1585812
1585813
1585814
1585815
1585816
1585817
1585818
1585819
1585820
1585821
1585822
1585823
1585824
1585825
1585826
1585827
1585828
1585829
1586710
1586711
1586712
1586713
1586714
1586715
1586716
1586717
1586718
1586719
1586810
1586811
1586812
1586813
1586814
1586815
1586816
1586817
1586818
1586819
1586840
1586841
1586842
1586843
1586844
1586845
1586846
1586847
1586848
1586849
1586880
1586881
1586882
1586883
1586884
1586885
1586886
1586887
1586888
1586889
1586900
1586901
1586902
1586903
1586904
1586910
1586911
1586912
1586913
1586914
1586915
1586916
1586917
1586918
1586919
1588880
1588881
1588882
1588883
1588884
1588885
1588886
1588887
1588888
1588889
1590571
1590581
1590660
1590661
1590662
1590663
1590664
1590665
1590666
1590667
1590668
1590669
1590671
1590681
1592410
1592411
1592412
1592413
1592414
1592415
1592416
1592417
1592418
1592419
1592560
1592561
1592562
1592563
1592564
1592565
1592566
1592567
1592568
1592569
1595710
1595711
1595712
1595713
1595714
1595715
1595716
1595717
1595718
1595719
1595800
1595801
1595802
1595803
1595804
1595810
1595811
1595812
1595813
1595814
1595815
1595816
1595817
1595818
1595819
1596710
1596711
1596712
1596713
1596714
1596715
1596716
1596717
1596718
1596719
1596810
1596811
1596812
1596813
1596814
1596815
1596816
1596817
1596818
1596819
1596880
1596881
1596882
1596883
1596884
1596885
1596886
1596887
1596888
1596889
1598810
1598811
1598812
1598813
1598814
1598815
1598816
1598817
1598818
1598819
1598840
1598841
1598842
1598843
1598844
1598845
1598846
1598847
1598848
1598849
1598880
1598881
1598882
1598883
1598884
1598885
1598886
1598887
1598888
1598889
1599000
1599001
1599002
1599003
1599004
1599005
1599006
1599007
1599008
1599009
1599010
1599011
1599012
1599013
1599014
1599015
1599016
1599017
1599018
1599019
1860571
1860581
1860588
1860650
1860651
1860652
1860653
1860671
1865710
1865711
1865712
1865713
1865714
1865715
1865716
1865717
1865718
1865719
1880571
1880581
1880650
1880651
1880652
1880653
1880671
1880681
1881480
1881481
1881482
1881483
1881484
1881485
1881486
1881487
1881488
1881489
1885710
1885711
1885712
1885713
1885714
1885715
1885716
1885717
1885718
1885719
1885786
1885787
1885788
1885789
1885810
1885811
1885812
1885813
1885814
1885815
1885816
1885817
1885818
1885819
1885826
1885827
1885828
1885829
1885850
1885851
1886850
1886851
1886870
1886871
1886872
1886873
1886874
1886875
1886876
1886877
1886878
1886879
1886880
1886881
1886882
1886883
1886884
1886885
1886886
1886887
1886888
1886889
1890571
1890581
1890650
1890651
1890652
1890653
1890671
1890681
1895710
1895711
1895712
1895713
1895714
1895715
1895716
1895717
1895718
1895719
1895800
1895801
1895802
1895803
1895804
1895805
1895806
1895807
1895808
1895809
1895810
1895811
1895812
1895813
1895814
1895815
1895816
1895817
1895818
1895819
1896615
1896616
1896617
1896618
1896619
1896648
1896649
1896710
1896711
1896712
1896713
1896714
1896715
1896716
1896717
1896718
1896719
1896800
1896801
1896802
1896803
1896804
1896805
1896806
1896807
1896808
1896809
1896810
1896811
1896812
1896813
1896814
1896815
1896816
1896817
1896818
1896819
1896900
1896901
1896902
1896903
1896904
1896905
1896906
1896907
1896908
1896909
1896910
1896911
1896912
1896913
1896914
1896915
1896916
1896917
1896918
1896919
1896990
1896991
1896992
1896993
1896994
1896995
1896996
1896997
1896998
1896999
1898945
1898946
1898947
1898948
1898949
1898980
1898981
1898982
1898983
1898984
1898985
1898986
1898987
1898988
1898989