1300905
1301914
1302905
1303905
1303935
1304033
1304034
1304438
1306905
1306906
1306925
1306926
1308007
1308008
1308009
1308925
1308926
1308935
1310438
1312438
1312578
1313438
1314438
1314767
1314768
1314769
1314772
1315438
1315958
1315967
1315971
1317905
1317920
1318077
1318078
1319611
1319612
1319613
1320438
1320860
1320861
1320862
1320863
1320864
1321438
1322438
1322448
1323438
1324428
1324429
1324438
1324448
1324449
1325178
1325179
1325188
1325250
1325251
1327438
1327830
1327831
1327832
1327858
1327859
1329438
1329882
1329883
1330438
1332148
1332152
1332438
1333152
1333178
1334155
1335155
1335317
1335321
1335438
1336438
1336453
1336467
1338438
1339438
1340445
1340446
1340447
1340448
1340449
1340455
1340456
1340457
1340458
1340459
1350094
1350471
1351438
1359690
1359691
1359692
1359693
1359694
1359695
1359696
1359697
1359698
1359699
1360438
1360448
1361438
1361448
1362438
1362448
1363030
1363031
1363032
1363033
1363034
1363035
1363036
1363037
1363038
1363039
1363072
1363078
1363438
1363448
1364438
1364448
1365438
1366438
1367438
1367443
1367448
1368978
1369438
1369448
1370447
1374380
1374381
1374382
1374383
1374384
1374385
1374386
1374387
1374388
1374389
1375670
1375671
1375672
1375673
1375674
1375675
1375676
1375677
1375678
1375679
1380438
1384380
1384381
1384382
1384383
1384384
1384385
1384386
1384387
1384388
1384389
1389410
1389411
1389412
1389413
1389414
1389415
1389416
1389417
1389418
1389419
1389490
1389491
1389492
1389493
1389494
1389495
1389496
1389497
1389498
1389499
1390438
1394330
1394333
1394380
1394381
1394382
1394383
1394384
1394385
1394386
1394387
1394388
1394389
1500438
1504380
1504381
1504382
1504383
1504384
1504385
1504386
1504387
1504388
1504389
1510438
1513430
1513431
1513432
1513433
1513434
1513435
1513436
1513437
1513438
1513439
1514380
1514381
1514382
1514383
1514384
1514385
1514386
1514387
1514388
1514389
1516440
1516441
1516442
1516443
1516444
1516445
1516446
1516447
1516448
1516449
1520438
1524300
1524301
1524302
1524303
1524304
1524305
1524306
1524307
1524308
1524309
1530438
1532637
1532638
1532639
1532648
1532649
1533062
1550604
1550606
1550607
1550608
1550609
1550610
1552697
1552698
1552699
1554306
1554307
1554308
1554326
1554329
1554330
1554331
1554332
1554333
1554334
1554335
1554336
1554337
1554338
1554339
1554348
1554380
1554381
1554382
1554383
1554384
1554385
1554386
1554387
1554388
1554389
1559070
1559071
1559072
1559073
1559074
1560438
1564380
1564381
1564382
1564383
1564384
1564385
1564386
1564387
1564388
1566238
1566239
1566250
1566251
1566252
1566253
1566254
1566255
1566256
1566257
1566258
1566259
1566260
1566261
1566262
1566263
1566264
1566270
1566271
1566281
1569438
1569953
1580438
1583480
1583481
1583482
1583483
1583484
1583485
1583486
1583487
1583488
1583489
1584380
1584381
1584382
1584383
1584384
1584385
1584386
1584387
1584388
1584389
1584480
1584481
1584482
1584483
1584484
1584485
1584486
1584487
1584488
1584489
1590438
1594380
1594381
1594382
1594383
1594384
1594385
1594386
1594387
1594388
1594389
1594480
1594481
1594482
1594483
1594484
1594485
1594486
1594487
1594488
1594489
1594880
1594881
1594882
1594883
1594884
1594885
1594886
1594887
1594888
1594889
1598140
1598141
1598142
1598143
1598144
1598145
1598146
1598147
1598148
1598149
1860438
1864308
1864309
1880438
1884380
1884381
1884382
1884383
1884384
1884385
1884386
1884387
1884388
1884389
1890438
1890448
1894338
1894339
1894348
1894380
1894381
1894382