1300593
1300692
1301487
1301488
1301489
1301493
1302593
1302692
1303682
1303692
1304780
1304782
1307800
1307801
1307802
1307803
1307804
1307805
1307806
1307807
1307808
1307809
1308492
1308493
1308672
1308772
1308792
1309772
1310042
1310049
1310052
1311472
1311762
1311772
1312342
1312352
1313262
1313272
1313282
1313292
1315252
1315254
1315255
1315256
1315262
1319752
1319762
1319772
1320772
1320782
1321140
1321141
1321151
1321152
1321772
1321787
1323772
1323782
1325780
1325781
1326372
1326382
1329772
1329779
1329782
1329789
1329922
1329929
1329942
1329949
1329960
1329961
1329962
1329964
1330772
1330782
1331762
1331772
1331782
1331788
1332162
1332172
1332472
1332482
1334752
1334762
1336752
1336762
1336772
1336782
1337702
1337707
1337720
1337721
1337722
1337723
1338772
1339772
1339782
1339787
1340780
1340781
1340782
1340783
1340784
1340785
1340786
1340787
1340788
1340789
1345720
1345721
1345722
1345723
1345724
1345725
1345726
1345727
1345728
1345729
1347120
1347121
1347122
1347123
1347124
1348120
1348121
1348122
1350772
1350782
1351752
1351760
1351762
1351772
1351780
1351782
1355702
1355712
1355720
1355722
1355730
1355732
1355742
1355750
1355752
1355762
1355772
1355782
1355790
1355792
1355802
1355812
1355816
1355822
1355832
1355842
1359702
1359706
1359709
1359712
1359714
1359718
1359720
1359721
1359722
1359723
1359724
1359725
1359726
1359727
1360772
1360780
1360782
1361772
1361780
1361782
1362772
1362780
1362782
1363300
1363301
1363302
1363303
1363304
1363305
1363306
1363307
1363308
1363309
1364772
1364780
1364782
1364942
1365772
1365780
1365782
1365962
1365966
1366772
1366780
1366782
1366942
1366962
1366966
1367772
1367780
1367782
1368772
1368780
1368782
1370772
1370780
1370782
1373720
1373721
1373722
1373723
1373724
1373725
1373726
1373727
1373728
1373729
1376802
1376812
1376822
1376832
1376834
1376842
1376847
1376852
1376856
1376857
1376866
1376867
1376868
1376869
1376885
1376886
1376887
1376889
1376893
1376894
1376895
1378802
1378812
1378822
1378832
1378842
1378844
1378846
1378847
1378848
1378852
1378862
1378867
1378872
1378876
1378877
1378878
1378879
1380772
1380782
1387720
1387721
1387722
1387723
1387724
1387725
1387726
1387727
1387728
1387729
1387820
1387821
1387822
1387823
1387824
1387825
1387826
1387827
1387828
1387829
1390772
1390782
1397720
1397721
1397722
1397723
1397724
1397725
1397726
1397727
1397728
1397729
1397800
1397801
1397802
1397803
1397804
1397805
1397806
1397807
1397808
1397809
1397820
1397821
1397822
1397823
1397824
1397825
1397826
1397827
1397828
1397829
1500772
1500782
1507720
1507721
1507722
1507723
1507724
1507725
1507726
1507727
1507728
1507729
1507825
1507826
1507827
1507828
1507829
1507845
1507846
1507847
1507848
1507849
1507850
1507851
1507852
1507853
1507854
1510772
1510782
1517720
1517721
1517722
1517723
1517724
1517725
1517726
1517727
1517770
1517771
1517772
1517773
1517774
1517775
1520772
1520782
1522459
1522460
1522461
1522462
1522463
1522464
1522465
1522466
1522467
1522468
1522469
1527720
1527721
1527722
1527723
1527724
1527725
1527726
1527727
1527728
1527729
1527770
1527772
1527880
1527881
1527882
1527883
1527884
1527885
1527886
1527887
1527888
1527889
1528960
1528961
1528962
1528963
1530772
1530782
1533789
1534772
1534774
1534775
1534776
1534777
1534778
1534779
1550772
1550782
1557700
1557701
1557702
1557703
1557704
1557705
1557706
1557720
1557721
1557722
1557723
1557724
1557725
1557726
1557727
1557728
1557729
1557770
1557771
1557772
1557773
1557774
1557775
1557776
1557777
1557778
1557779
1557820
1557821
1557822
1557823
1557824
1557825
1557826
1560772
1560782
1567702
1567703
1567720
1567721
1567722
1567723
1567724
1567725
1567726
1567727
1567728
1567729
1567800
1567801
1567802
1567803
1567804
1567805
1567806
1567807
1567808
1567809
1567820
1567821
1567822
1567823
1580772
1580782
1587720
1587721
1587722
1587723
1587724
1587725
1587726
1587727
1587728
1587729
1587820
1587821
1587822
1587823
1587824
1587825
1587826
1587827
1587828
1587829
1587889
1590772
1590782
1597720
1597721
1597722
1597723
1597724
1597725
1597726
1597727
1597728
1597729
1597820
1597821
1597822
1597823
1597824
1597825
1597826
1597827
1597828
1597829
1860772
1860782
1860787
1880772
1880782
1887720
1887721
1887722
1887723
1887724
1890772
1897720
1897721
1897722
1897723
1897724
1897725
1897726
1897727
1897728
1897729
1897800
1897801
1897802
1897803
1897804
1897805
1897806
1897807
1897808
1897809