1300594
1300595
1300693
1301485
1301486
1302594
1302595
1302693
1303683
1303693
1307760
1307761
1307762
1307763
1307764
1307765
1307766
1307767
1307768
1307769
1308673
1308773
1308793
1309773
1309793
1310043
1310053
1310059
1311473
1311763
1311773
1312343
1312353
1313263
1313264
1313273
1313283
1313293
1313297
1315253
1315257
1315258
1315259
1315263
1319763
1319764
1319773
1320773
1320783
1321143
1321150
1321153
1321154
1321159
1321773
1321783
1323773
1323783
1326373
1326383
1329773
1329783
1329923
1329927
1329943
1329947
1329963
1330773
1330783
1331763
1331773
1331783
1332163
1332173
1332473
1332483
1334753
1334756
1334763
1336753
1336763
1336773
1336783
1337706
1337730
1337731
1337732
1337733
1337734
1338773
1339363
1339773
1339783
1345730
1345731
1345732
1345733
1345734
1345735
1345736
1345737
1345738
1345739
1345765
1345766
1345767
1345768
1345769
1347125
1347126
1347127
1347128
1347129
1347130
1347131
1347132
1347133
1347134
1347135
1347136
1347137
1347138
1347139
1348130
1348131
1348132
1348133
1348134
1348135
1348136
1348137
1348138
1348139
1350773
1350783
1351753
1351763
1351773
1351783
1351786
1355703
1355713
1355723
1355727
1355733
1355736
1355740
1355743
1355753
1355756
1355763
1355766
1355773
1355783
1355793
1355803
1355813
1355823
1355833
1355843
1359703
1359713
1359716
1359730
1359731
1359732
1359733
1360773
1360783
1361773
1361783
1361786
1362773
1362783
1362786
1363512
1363513
1363514
1363515
1363516
1363517
1363518
1363519
1364773
1364783
1364786
1364943
1365773
1365783
1365786
1365963
1366773
1366783
1366786
1366943
1366946
1367773
1367783
1367786
1368773
1368783
1368786
1370773
1370783
1373730
1373731
1373732
1373733
1373734
1373735
1373736
1373737
1373738
1373739
1373770
1373771
1373772
1373773
1373774
1376803
1376813
1376823
1376833
1376843
1376853
1376870
1376871
1376872
1376873
1376874
1376890
1376891
1376892
1378803
1378813
1378823
1378833
1378843
1378853
1378854
1378856
1378857
1378858
1378859
1378863
1378873
1378874
1380773
1380783
1387730
1387731
1387732
1387733
1387734
1387735
1387736
1387737
1387738
1387739
1387830
1387831
1387832
1387833
1387834
1387835
1387836
1387837
1387838
1387839
1390773
1390783
1397730
1397731
1397732
1397733
1397734
1397735
1397736
1397737
1397738
1397739
1397830
1397831
1397832
1397833
1397834
1397835
1397836
1397837
1397838
1397839
1500773
1500783
1507730
1507731
1507732
1507733
1507734
1507735
1507736
1507737
1507830
1507831
1507832
1507833
1507834
1507835
1507836
1507837
1507838
1507839
1507892
1507893
1507894
1507895
1507896
1507897
1507898
1507899
1510773
1510783
1517730
1517731
1517732
1517733
1517734
1517735
1517736
1520773
1520783
1524078
1524079
1527730
1527731
1527732
1527733
1527734
1527735
1527736
1527737
1527738
1527739
1527773
1527776
1527779
1529580
1529581
1529582
1529583
1529584
1529585
1529586
1529587
1529588
1529589
1529590
1529591
1529592
1529593
1529594
1529595
1529596
1529597
1529598
1529599
1529600
1529601
1529602
1529680
1529681
1530773
1534773
1550682
1550683
1550684
1550685
1550686
1550773
1550783
1557730
1557731
1557732
1557733
1557734
1557735
1557736
1557737
1557738
1557739
1557740
1557741
1557742
1557743
1557744
1557745
1557746
1557747
1557748
1557749
1557834
1557835
1557836
1557837
1557838
1557839
1560773
1560783
1567706
1567707
1567708
1567709
1567730
1567731
1567732
1567733
1567734
1567735
1567736
1567737
1567738
1567739
1567830
1567831
1567832
1567833
1567834
1567835
1567836
1567837
1567838
1567839
1569773
1580773
1580783
1587700
1587701
1587702
1587703
1587704
1587830
1587831
1587832
1587833
1587834
1587835
1587836
1587837
1587838
1587839
1590773
1590783
1590784
1590787
1590788
1594937
1594938
1597707
1597708
1597709
1597730
1597731
1597732
1597733
1597734
1597735
1597736
1597737
1597738
1597739
1597740
1597741
1597742
1597743
1597744
1597800
1597801
1597802
1597803
1597804
1597805
1599467
1599468
1860773
1860783
1880773
1880783
1887730
1887731
1887732
1887733
1887734
1890773
1890783
1897730
1897731
1897732
1897733
1897734
1897735
1897736
1897737
1897738
1897739
1897830
1897831
1897832
1897833
1897834
1897835
1897836
1897837
1897838
1897839