1300597
1300598
1300694
1302597
1302598
1302694
1303684
1303694
1308774
1308794
1308798
1309774
1309784
1309788
1309794
1311474
1311774
1312354
1313274
1319758
1319774
1320774
1320784
1321774
1326374
1326376
1326386
1329774
1329784
1330774
1330784
1331764
1331774
1331784
1332484
1332488
1334764
1336760
1336764
1336787
1337741
1337744
1339784
1345740
1345741
1345742
1345743
1345744
1345745
1345746
1345747
1345748
1345749
1347140
1347141
1347142
1347143
1347144
1347145
1347146
1347147
1347148
1347149
1347195
1347196
1347197
1347198
1347199
1348140
1348141
1348142
1348143
1348144
1348145
1348146
1348147
1348148
1348149
1350774
1350784
1351754
1351764
1351774
1351784
1355704
1355714
1355724
1355734
1355744
1355754
1355764
1355774
1355784
1355794
1355804
1355824
1355834
1360774
1360784
1361774
1361784
1362774
1362784
1363506
1363507
1363508
1363509
1363510
1363511
1364774
1364784
1364944
1365774
1365784
1365964
1366774
1366784
1366944
1366964
1367774
1367784
1368774
1368784
1370774
1370784
1373740
1373741
1373742
1373743
1373744
1373745
1373746
1373747
1373748
1373749
1373780
1373781
1373782
1373783
1373784
1373785
1373786
1373787
1373788
1373789
1376804
1376814
1376824
1378804
1378814
1378824
1378834
1380774
1380784
1387740
1387741
1387742
1387743
1387744
1387745
1387746
1387747
1387748
1387749
1387840
1387841
1387842
1387843
1387844
1387845
1387846
1387847
1387848
1387849
1390774
1390784
1397740
1397741
1397742
1397743
1397744
1397745
1397746
1397747
1397748
1397749
1397840
1397841
1397842
1397843
1397844
1397845
1397846
1397847
1397848
1397849
1500774
1500784
1507740
1507741
1507742
1507743
1507744
1507745
1507746
1507747
1507748
1507749
1507811
1507812
1507813
1507814
1507815
1507816
1507817
1510774
1510784
1517740
1517741
1517742
1517743
1517744
1517745
1517764
1517765
1517766
1517767
1517768
1517769
1520774
1520784
1527740
1527741
1527742
1527743
1527744
1527745
1527746
1527747
1527748
1527749
1527774
1527840
1527841
1527842
1527843
1527844
1527845
1527846
1527847
1527848
1527849
1530774
1550774
1550784
1557840
1557841
1560774
1560784
1567740
1567741
1567742
1567743
1567744
1567745
1567746
1567747
1567748
1567749
1569774
1580774
1580784
1587805
1587806
1587807
1587808
1587809
1587840
1587841
1587842
1587843
1587844
1587845
1587846
1590774
1860774
1860784
1880774
1880784
1887740
1887741
1890774
1897740
1897741
1897742
1897743
1897744
1897745
1897746
1897747
1897748
1897749