1300862
1301342
1301343
1303869
1309432
1309528
1309982
1309983
1310862
1310878
1311413
1311878
1315056
1315057
1315058
1317050
1317051
1317052
1318764
1318765
1318766
1318767
1318780
1320878
1321182
1323878
1330878
1331260
1331261
1332056
1333056
1335469
1336878
1337878
1338878
1339878
1350878
1350885
1352950
1352951
1352970
1352971
1357780
1357781
1357782
1357783
1357784
1357840
1357845
1357849
1361878
1361948
1362878
1363870
1363871
1363872
1363873
1363874
1363875
1363876
1363877
1363878
1363879
1364878
1365878
1370878
1376925
1376926
1376927
1376928
1376929
1388788
1388789
1390878
1398707
1398708
1398780
1398781
1398782
1398783
1398784
1398785
1398786
1398787
1398788
1398789
1508723
1508724
1509642
1509643
1509644
1509645
1509646
1509647
1509648
1509649
1512570
1512571
1512572
1512573
1512574
1512575
1512576
1512577
1512578
1512579
1512580
1512581
1512582
1512583
1512584
1512585
1512586
1512587
1512588
1512589
1512590
1512591
1512592
1512593
1512594
1512595
1512596
1512597
1512598
1512599
1512600
1512601
1512602
1512603
1512604
1512605
1512606
1518488
1518489
1520878
1528459
1528850
1528851
1528852
1528853
1528854
1528855
1528856
1528857
1528858
1528859
1530878
1533148
1533149
1533150
1533432
1534878
1560878
1567032
1567033
1567034
1567035
1568780
1568781
1568782
1568783
1568784
1569708
1580878
1582516
1588751
1588752
1588775
1588776
1588777
1588778
1589180
1589181
1589182
1589183
1589184
1589185
1589186
1590878
1591178
1591277
1591290
1591291
1591292
1591293
1591294
1596932
1596933
1597478
1597479
1598720
1598721
1598722
1598723
1598724
1598780
1598781
1598782
1598783
1598784
1598785
1598786
1598787
1860878
1880878
1890878
1898780