1302640
1303894
1303895
1303896
1303897
1303898
1303899
1308096
1308097
1308098
1308482
1308483
1308484
1309824
1309825
1309826
1309827
1309828
1309829
1310849
1310920
1310921
1310922
1310923
1310924
1310925
1310968
1310969
1311928
1311929
1314912
1315400
1315401
1315402
1316570
1320912
1321960
1321961
1321962
1322002
1322792
1322799
1322836
1322844
1323912
1323924
1323925
1323926
1323927
1323928
1323929
1325912
1325933
1325934
1325935
1325936
1325937
1325938
1327912
1328912
1328947
1328948
1328949
1328970
1328971
1328972
1328973
1328974
1328975
1328976
1328977
1328978
1328979
1330912
1331092
1331099
1331912
1332460
1332461
1332462
1332532
1332540
1332541
1332542
1333532
1334748
1335912
1337912
1337932
1337939
1337942
1337949
1337956
1337957
1337958
1338912
1339912
1339922
1340292
1340299
1340912
1340914
1340916
1340917
1340918
1340919
1342972
1342979
1346874
1346878
1346880
1346889
1347422
1347423
1347439
1347444
1347448
1348444
1348448
1348482
1348483
1348484
1348488
1348494
1348498
1348802
1348803
1348804
1348808
1348829
1348834
1348838
1348844
1348848
1350912
1357120
1357121
1357122
1357123
1357124
1357125
1357126
1357127
1357128
1357129
1357263
1357264
1357265
1357266
1357267
1357268
1357269
1360922
1361912
1362912
1362922
1363029
1363679
1363684
1363688
1364912
1364922
1365912
1365922
1366912
1366914
1368912
1368922
1372044
1372046
1372047
1372048
1372064
1372068
1372069
1372071
1372079
1377230
1377231
1377232
1377233
1377234
1377235
1377236
1377237
1377238
1377239
1377290
1377291
1377292
1377293
1377294
1377295
1380912
1389120
1389121
1389122
1389123
1389124
1389125
1389126
1389127
1389128
1389129
1389220
1389221
1389222
1389223
1389224
1389225
1389226
1389227
1389228
1389229
1390912
1399106
1399107
1399108
1399109
1399220
1399221
1399222
1399223
1399224
1399225
1399226
1399227
1399228
1399229
1500912
1500922
1502912
1502932
1502938
1502940
1502942
1502951
1502952
1502962
1502969
1502972
1502973
1502982
1502984
1509102
1509112
1509122
1509131
1509140
1509149
1509150
1509166
1509174
1509178
1509184
1509188
1510912
1511492
1511494
1512912
1512932
1512942
1512952
1512960
1512971
1512972
1512983
1512997
1519120
1519121
1519122
1519123
1519124
1519125
1519126
1519127
1519128
1519129
1519182
1519194
1519198
1519199
1520912
1522912
1522918
1522942
1522944
1522952
1522959
1522962
1522972
1522979
1522982
1522985
1522992
1524901
1524902
1524912
1528922
1528932
1528939
1528941
1528942
1529120
1529121
1529122
1529123
1529124
1529125
1529126
1529127
1529128
1529129
1529142
1529182
1529188
1530912
1531959
1531960
1531961
1531962
1531963
1531964
1531965
1531966
1531967
1531968
1533258
1533259
1533260
1533261
1533262
1533263
1533622
1533623
1533624
1533625
1534912
1552912
1552970
1552971
1552972
1552973
1552974
1552975
1552976
1552977
1552978
1552979
1552980
1552981
1552982
1552983
1552984
1552985
1552986
1552987
1552988
1552989
1552990
1552991
1552992
1552993
1552994
1552995
1552996
1552997
1552998
1552999
1559120
1559121
1559122
1559123
1559124
1559125
1559126
1559127
1559128
1559129
1559458
1559459
1559600
1559601
1559602
1559603
1559604
1559605
1559606
1559607
1559608
1559609
1559610
1559611
1559650
1559651
1559652
1559653
1559654
1559655
1559656
1559657
1559658
1559659
1560912
1561912
1561990
1561991
1561992
1561993
1561994
1561995
1566768
1566769
1566770
1566771
1566772
1566773
1566774
1566775
1566776
1566777
1566778
1566779
1566780
1566781
1566782
1566783
1566784
1569120
1569121
1569122
1569123
1569124
1569125
1569126
1569127
1569128
1569129
1580912
1582912
1582982
1587746
1587754
1587756
1587757
1587758
1589102
1589112
1589113
1589115
1589117
1589122
1589123
1589124
1589125
1589126
1589127
1589128
1589129
1590912
1590924
1590928
1592901
1592902
1592905
1592912
1592914
1592918
1592919
1592922
1592939
1592940
1592949
1592964
1592968
1592970
1592979
1592982
1592983
1599120
1599121
1599122
1599123
1599182
1599192
1860912
1860918
1860922
1868190
1868191
1868192
1868193
1880912
1889120
1889121
1889122
1889123
1889124
1889125
1889126
1889127
1889128
1889129
1889142
1889151
1889152
1889182
1889189
1890912
1896695
1896696
1896697
1896698
1896699
1899106
1899107
1899108
1899109
1899220
1899221
1899222
1899223
1899224
1899225
1899226
1899227
1899228
1899229