1301706
1303554
1304854
1304855
1304957
1308786
1309682
1309687
1309857
1311646
1311647
1311857
1312367
1315827
1319517
1319527
1320857
1320858
1320859
1323852
1323857
1323858
1330857
1331047
1331070
1331077
1331247
1331248
1331447
1332967
1333967
1336857
1336867
1337857
1337965
1338517
1338557
1339857
1350857
1351857
1359570
1359571
1359572
1359573
1359574
1359575
1359576
1359577
1359578
1359579
1362857
1363815
1363816
1363817
1363818
1363819
1363857
1364857
1365857
1366857
1367857
1368857
1369853
1369854
1369855
1369856
1369857
1370857
1372150
1372151
1372152
1372158
1372159
1376585
1376586
1376587
1376588
1376589
1388570
1388571
1388572
1388573
1388574
1388575
1388576
1388577
1388578
1388579
1390857
1398447
1398455
1398456
1398457
1398458
1398459
1398470
1398471
1398472
1398473
1398474
1398475
1398476
1398477
1398478
1398479
1398535
1398536
1398587
1398588
1398589
1500857
1508530
1508531
1508532
1508533
1508534
1508535
1508536
1508537
1508538
1508539
1508570
1508571
1508572
1508573
1508574
1508575
1508576
1508577
1508578
1508579
1508580
1508581
1508625
1508630
1508631
1508632
1508633
1508634
1508635
1508636
1508637
1508638
1508639
1508650
1510857
1511750
1511751
1511752
1511753
1511754
1511755
1511756
1511757
1511758
1511759
1511760
1511761
1511762
1511763
1511764
1511765
1511766
1511767
1511768
1511769
1512148
1512149
1512150
1512151
1512152
1512153
1512154
1518605
1518606
1518607
1518608
1518609
1518610
1518611
1518612
1518613
1518614
1518615
1518616
1518617
1518618
1518619
1520857
1528460
1528461
1528462
1528463
1528464
1528465
1528466
1528467
1528468
1528469
1528565
1528566
1528567
1528568
1528569
1528570
1528571
1528572
1528573
1528574
1528575
1528576
1528577
1528578
1528579
1528650
1528651
1528652
1528653
1528654
1528655
1528656
1528657
1528658
1528659
1530857
1532907
1532917
1532927
1532937
1532947
1532957
1532967
1532977
1532987
1532997
1533857
1533867
1533868
1533957
1534857
1551931
1551932
1551933
1551934
1551935
1551936
1551937
1551970
1551971
1551972
1551973
1551974
1551975
1551976
1551977
1551978
1551979
1558532
1558537
1558547
1558554
1558557
1558567
1558570
1558571
1558572
1558573
1558574
1558575
1558576
1558577
1558578
1558579
1559793
1559794
1559795
1559796
1559932
1559933
1559934
1559935
1559936
1559937
1559938
1560857
1567097
1568547
1568570
1568571
1568572
1568573
1568574
1568575
1568576
1568577
1568578
1568579
1568591
1568592
1569277
1580857
1588519
1588520
1588521
1588522
1588523
1588524
1588525
1588526
1588527
1588528
1588529
1588530
1588531
1588585
1588586
1588587
1588588
1588589
1590257
1590258
1590259
1590265
1590266
1590267
1590857
1593470
1593471
1593472
1593473
1593474
1593475
1593476
1593477
1593478
1593479
1598543
1598544
1598545
1598546
1598547
1598548
1860857
1880857
1888570
1888571
1888572
1888573
1888574
1888575
1888576
1888577
1888578
1888579
1890857
1898470
1898471
1898472
1898473
1898474
1898475
1898476
1898477
1898478
1898479
1898535
1898536
1898587
1898588
1898589