1303677
1303746
1303747
1303748
1303749
1308542
1308543
1308544
1310022
1310716
1310726
1310746
1311746
1313522
1313527
1317046
1317426
1317427
1318710
1318711
1318712
1318713
1320495
1320496
1320497
1320746
1321266
1321746
1323746
1324360
1324361
1324362
1324363
1324364
1324365
1324366
1324367
1324368
1324369
1325746
1327881
1329746
1329867
1330746
1331746
1331966
1332726
1333726
1334876
1334966
1335726
1335728
1336586
1336746
1337896
1338746
1339746
1339762
1340746
1346746
1346747
1346748
1346749
1346796
1346797
1346936
1346937
1346938
1346939
1348746
1348747
1348748
1351746
1354969
1357460
1357461
1357462
1357463
1357464
1357465
1357466
1357467
1357468
1357469
1360746
1361746
1362746
1363746
1363841
1364746
1365746
1370746
1376296
1376297
1376298
1376299
1378746
1378760
1378761
1378762
1378763
1378764
1378765
1378766
1378767
1378768
1378769
1378920
1378921
1378922
1378923
1380743
1380746
1387435
1387436
1387437
1387438
1387439
1387460
1387461
1387462
1387463
1387464
1387465
1387466
1387467
1387468
1387469
1387470
1387471
1387472
1387473
1387474
1387475
1387476
1387477
1387478
1387479
1390746
1397347
1397348
1397349
1397460
1397461
1397462
1397463
1397464
1397465
1397466
1397467
1397468
1397469
1500746
1507460
1507461
1507462
1507463
1507464
1507465
1507466
1507467
1507468
1507469
1510746
1511160
1511161
1511162
1511163
1511164
1511165
1511166
1511167
1511168
1511169
1511650
1511651
1511652
1511653
1511654
1511655
1511656
1511657
1511658
1511659
1511660
1511661
1511662
1511663
1511664
1511665
1511666
1511667
1511668
1511669
1520095
1520096
1520097
1520098
1520099
1520746
1520747
1521160
1521161
1521162
1521163
1521164
1521165
1521166
1521167
1521168
1521169
1522630
1522631
1522632
1522633
1522634
1522635
1522636
1522637
1522638
1522639
1527460
1527461
1527462
1527463
1527464
1527465
1527466
1527467
1527468
1527469
1530746
1534846
1557460
1557461
1557462
1557463
1557464
1557465
1557466
1557467
1557468
1557469
1557520
1557521
1557522
1557523
1557524
1557525
1557526
1557527
1557528
1557529
1557530
1557531
1557532
1557533
1557534
1557535
1557536
1557537
1557538
1557539
1557675
1557676
1557677
1557678
1557679
1560746
1561690
1567347
1567348
1567349
1567460
1567461
1567462
1567463
1567464
1567465
1567466
1567467
1567468
1567469
1569746
1580746
1580747
1580748
1580749
1586995
1586996
1586997
1586998
1586999
1587460
1587461
1587462
1587463
1587464
1587465
1587466
1587467
1587468
1587469
1589746
1589747
1589748
1589749
1590746
1590747
1590748
1590749
1597406
1597407
1597408
1597409
1860746
1860749
1860846
1880746
1887460
1887461
1887462
1887463
1887464
1887465
1887466
1887467
1887468
1887469
1890746
1897460
1897461
1897462
1897463
1897464
1897465
1897466
1897467
1897468
1897469
1897577
1897578
1897579