1303534
1303535
1303536
1303537
1303538
1303539
1304284
1304285
1304286
1304287
1304288
1304289
1304712
1304713
1304714
1308512
1308513
1308514
1309329
1309425
1309426
1309429
1309832
1309833
1309834
1310073
1311432
1311433
1311711
1311712
1311724
1311725
1313599
1317749
1319745
1323552
1323553
1323554
1323555
1325728
1326497
1326498
1327728
1327744
1327745
1327746
1327747
1327748
1327749
1327767
1327768
1327769
1329720
1340720
1340721
1340722
1340723
1340724
1340725
1340726
1340727
1340728
1340729
1342998
1342999
1345112
1345113
1345114
1345115
1346970
1347740
1347741
1347742
1347743
1347744
1347745
1347746
1347747
1347748
1347749
1347750
1347751
1347752
1347753
1350722
1354593
1354594
1354595
1354596
1354597
1354598
1354599
1358130
1358131
1359390
1359391
1359392
1359393
1359394
1359395
1359396
1359397
1359398
1359399
1359740
1359741
1359742
1359743
1359744
1359745
1360722
1361728
1361729
1364728
1365718
1367728
1367729
1368723
1368724
1368725
1368726
1369736
1369737
1369738
1369739
1370722
1373340
1378991
1380722
1387295
1387296
1387297
1387298
1387299
1388695
1388696
1388697
1388698
1388699
1390722
1397217
1397218
1397219
1397261
1397262
1397263
1397292
1397293
1397294
1398692
1398693
1398694
1398695
1399795
1399796
1399797
1399798
1399799
1500722
1502724
1502725
1502726
1502727
1502728
1502729
1502730
1502731
1502732
1502733
1502734
1502735
1510722
1517151
1517152
1517153
1517154
1517155
1517156
1517157
1520722
1527113
1527114
1527115
1527116
1527117
1527118
1527119
1527120
1527121
1527122
1527123
1554909
1557228
1557229
1557230
1557231
1557280
1557281
1557282
1557283
1557284
1557285
1557286
1557287
1557288
1557289
1557290
1560722
1561492
1561493
1562927
1562928
1562929
1567113
1567114
1567115
1567116
1567117
1567118
1567119
1569728
1580722
1582688
1582689
1582690
1582691
1582692
1582693
1582793
1582794
1582795
1582796
1582797
1582798
1582799
1587183
1587184
1587185
1587186
1587187
1587188
1587189
1587190
1587191
1587192
1587193
1590722
1590860
1590861
1590862
1592603
1592604
1592605
1592606
1592607
1592608
1592609
1597197
1597198
1597199
1597227
1597228
1597229
1860864
1860866
1880722
1887260
1887261
1887262
1887263
1890722
1897217
1897218
1897219
1897261
1897262
1897263
1897292
1897293
1897294
1898692
1898693
1898694
1898695
1899598
1899599