1301304
1303062
1303549
1304553
1305329
1306329
1308304
1308328
1308329
1309349
1309368
1309369
1313549
1314566
1315566
1315660
1315661
1315662
1315663
1315664
1315665
1315666
1315667
1315668
1315669
1316760
1317016
1319530
1319549
1319566
1320566
1321566
1322566
1327566
1329566
1330566
1332916
1333566
1333916
1334566
1334914
1335566
1336566
1338566
1339566
1339966
1348566
1361566
1362560
1363566
1363712
1364566
1366566
1369566
1369663
1370566
1385660
1385661
1385662
1385663
1385664
1385665
1385666
1385667
1385668
1385669
1386566
1386645
1386646
1386647
1386656
1386657
1386680
1386681
1386682
1390566
1395550
1395551
1395552
1395689
1396590
1396591
1396592
1396593
1396594
1505660
1510566
1515660
1520562
1520566
1521566
1525664
1525665
1525666
1525667
1530566
1533966
1534566
1560566
1565660
1565661
1565662
1565663
1565664
1565665
1565666
1565667
1565668
1565669
1566566
1569566
1580566
1585660
1585661
1585662
1585663
1585664
1590566
1595566
1595623
1595624
1595625
1595660
1595661
1595662
1595663
1595664
1860566
1880566
1885660
1885661
1885662
1885663
1885664
1885665
1885666
1885667
1885668
1885669
1890566
1895660
1895661
1895662
1895663
1895664
1895665
1895666
1895667
1895668
1895669