1300755
1300756
1300757
1300758
1300763
1301470
1301471
1301472
1301473
1301474
1301475
1301476
1301477
1301478
1301479
1301555
1301556
1301557
1301558
1301559
1301763
1301764
1302753
1302754
1302763
1304302
1304379
1304472
1304473
1304474
1308362
1308363
1308364
1308365
1308379
1310179
1310379
1313704
1313705
1313706
1313790
1313799
1314047
1314048
1314049
1318305
1318306
1318307
1318308
1321350
1321351
1321352
1321353
1321354
1321355
1321356
1321357
1321358
1321359
1321360
1321361
1321362
1321363
1321364
1321365
1321366
1321367
1321368
1321369
1323379
1323390
1323391
1323392
1323393
1323394
1323395
1323396
1323398
1323399
1324307
1324308
1324309
1327150
1327151
1327152
1327153
1327154
1329598
1330379
1330388
1332379
1332388
1333379
1333387
1333388
1333389
1334379
1334387
1334388
1334389
1334698
1334699
1335379
1335390
1335397
1335399
1337377
1337378
1337379
1338379
1338387
1338388
1338389
1340379
1346100
1346101
1346102
1346103
1346104
1346105
1346106
1346107
1346108
1346109
1350349
1350379
1350388
1351379
1351384
1352360
1352361
1352362
1352363
1352379
1352540
1352541
1352542
1352543
1352544
1352545
1352546
1352547
1352548
1352549
1352590
1352591
1352592
1352593
1352594
1352595
1352596
1352597
1352598
1352599
1352690
1352691
1352692
1352693
1352694
1352695
1352696
1352697
1352698
1352699
1359200
1359201
1359202
1359203
1359204
1359205
1359206
1359207
1359208
1359209
1359815
1359816
1359817
1359818
1359819
1359845
1359846
1359847
1359848
1359849
1360379
1360388
1360396
1360846
1360865
1360866
1361379
1361388
1361389
1362379
1362388
1362389
1362980
1363379
1363387
1363388
1363389
1364379
1364387
1364388
1364389
1365379
1365387
1365388
1365389
1366302
1366379
1366387
1366388
1366389
1367379
1367390
1368379
1368384
1368385
1368386
1369379
1369380
1369381
1369382
1369383
1369880
1369881
1369882
1369883
1369884
1369885
1369886
1369887
1369888
1369889
1370079
1370081
1370349
1370379
1370388
1370769
1372160
1372161
1372162
1372163
1372164
1372165
1372166
1372167
1372168
1372169
1374990
1374991
1374992
1374993
1374994
1374995
1374996
1374997
1374998
1374999
1378310
1378311
1378312
1378313
1378314
1378315
1378316
1378317
1378318
1378319
1378379
1380379
1380388
1383790
1383791
1383792
1383793
1383794
1383795
1383796
1383797
1383798
1383799
1383840
1383841
1383842
1383843
1383844
1383845
1383846
1383847
1383848
1383849
1383880
1383881
1383882
1383883
1383884
1383885
1383886
1383887
1383888
1383889
1384990
1384991
1384992
1384993
1384994
1384995
1384996
1384997
1384998
1384999
1390379
1390388
1393790
1393791
1393792
1393793
1393794
1393795
1393796
1393797
1393798
1393799
1393880
1393881
1393882
1393883
1393884
1393885
1393886
1393887
1393888
1393889
1393990
1393991
1393992
1393993
1393994
1394920
1394921
1394922
1394923
1394924
1394925
1394926
1394927
1394928
1394929
1500379
1503630
1503631
1503632
1503633
1503634
1503635
1503636
1503637
1503638
1503639
1503655
1503656
1503657
1503658
1503659
1503670
1503671
1503672
1503673
1503674
1503675
1503676
1503677
1503678
1503679
1503695
1503696
1503697
1503698
1503699
1503790
1503791
1503792
1503793
1503794
1503795
1503796
1503797
1503798
1503799
1503850
1503851
1503852
1503853
1503854
1503855
1503856
1503857
1503858
1503859
1503860
1503861
1503862
1503863
1503864
1503865
1503866
1503867
1503868
1503869
1509015
1509016
1509017
1509018
1509019
1510379
1513630
1513631
1513632
1513633
1513634
1513635
1513636
1513637
1513638
1513639
1513790
1513791
1513792
1513793
1513794
1513795
1513796
1513797
1513798
1513799
1513870
1513871
1513872
1513873
1513874
1513875
1513876
1513877
1513878
1513879
1513990
1513991
1513992
1513993
1513994
1513995
1513996
1513997
1513998
1513999
1519440
1519441
1519442
1519443
1519444
1519450
1519451
1519452
1519453
1519454
1519455
1519456
1519457
1519458
1519459
1520379
1522540
1522541
1522542
1522543
1522544
1522550
1522551
1522552
1522553
1522554
1522555
1522556
1522557
1522558
1522559
1523610
1523611
1523612
1523613
1523614
1523615
1523616
1523617
1523618
1523619
1523620
1523621
1523622
1523623
1523624
1523625
1523626
1523627
1523628
1523629
1523665
1523666
1523667
1523668
1523669
1523790
1523791
1523792
1523793
1523794
1523795
1523796
1523797
1523798
1523799
1529050
1529051
1529052
1529053
1529054
1529055
1529056
1529057
1529058
1529059
1530378
1530379
1530385
1530386
1530387
1530388
1530389
1532460
1532461
1532462
1532463
1532464
1532465
1532466
1532467
1532468
1532469
1532470
1532475
1532479
1533121
1533379
1533384
1534379
1551530
1551531
1551532
1551533
1551534
1551535
1551536
1551537
1551538
1551539
1551635
1551636
1551637
1551638
1551639
1551790
1551791
1551792
1551793
1551794
1551795
1551796
1551797
1551798
1551799
1553790
1553791
1553792
1553793
1553794
1553795
1553796
1553797
1553798
1553799
1553850
1553851
1553852
1553853
1553854
1553855
1553856
1553857
1553858
1553859
1553880
1553881
1553882
1553883
1553884
1553885
1553886
1553887
1553888
1553889
1553970
1553971
1553972
1553973
1553974
1554420
1554421
1554422
1554423
1554424
1560379
1560399
1563790
1563791
1563792
1563793
1563794
1563795
1563796
1563797
1563798
1563799
1563872
1563873
1563874
1566429
1567070
1567071
1567072
1567073
1567074
1567262
1569064
1569066
1580379
1582490
1582491
1582492
1582493
1582494
1582495
1582496
1582497
1582498
1582499
1583790
1583791
1583792
1583793
1583794
1583795
1583796
1583797
1583798
1583799
1583850
1583851
1583852
1583853
1583854
1583855
1583856
1583857
1583858
1583859
1583880
1583881
1583882
1583883
1583884
1583885
1583886
1583887
1583888
1583889
1589650
1589651
1589652
1589653
1589654
1589655
1589656
1589657
1589658
1589659
1589660
1589661
1589662
1589663
1589664
1589665
1589666
1589667
1589668
1589669
1590379
1593790
1593791
1593792
1593793
1593794
1593795
1593796
1593797
1593798
1593799
1597860
1597861
1597862
1597863
1597864
1597865
1597866
1597867
1597868
1597869
1860379
1863790
1863791
1863792
1863793
1863794
1863795
1863796
1863797
1863798
1863799
1880379
1883790
1883791
1883792
1883793
1883794
1883795
1883796
1883797
1883798
1883799
1890379
1890388
1893790
1893791
1893792
1893793
1893794
1893795
1893796
1893797
1893798
1893799