1300017
1300170
1300171
1300172
1300173
1300174
1300657
1300658
1300659
1301017
1301170
1301171
1301172
1301173
1301174
1301298
1301299
1302170
1302171
1302172
1302173
1302174
1302657
1302658
1302659
1303170
1303171
1303172
1303173
1303174
1304600
1304601
1304602
1304603
1304604
1304748
1306400
1306401
1306402
1306403
1306404
1306405
1306406
1306407
1306408
1306409
1306500
1306501
1306502
1306503
1306504
1306505
1306506
1306507
1306508
1306509
1306600
1306601
1306602
1306603
1307530
1307531
1307532
1307533
1307534
1307535
1307536
1307537
1307538
1307539
1308142
1308273
1308274
1308275
1310531
1310541
1312710
1312711
1312712
1312713
1312714
1312715
1314531
1314540
1314541
1314547
1315300
1315301
1315302
1315303
1315304
1315310
1315311
1315312
1315313
1315314
1315315
1315316
1315317
1315318
1315319
1315600
1315601
1315610
1315611
1315612
1315613
1315614
1315615
1315616
1315617
1315618
1315619
1315640
1315641
1315644
1316510
1316511
1316512
1316513
1316514
1316531
1316541
1317300
1317301
1317302
1317303
1317304
1317305
1317600
1317601
1317602
1317640
1317641
1317644
1317665
1317666
1317667
1317668
1317669
1318170
1318171
1318172
1318173
1318174
1318887
1318888
1318889
1318893
1318894
1320531
1320540
1320541
1320542
1320640
1321050
1321051
1321052
1321053
1321054
1321055
1321056
1321057
1321058
1321059
1322055
1322056
1322057
1322058
1322059
1322531
1322541
1323531
1324530
1324531
1324540
1324541
1324547
1325531
1325541
1325568
1325569
1325610
1325611
1325612
1325613
1325614
1325615
1325616
1325617
1325618
1325619
1325640
1325641
1325644
1325665
1325666
1325667
1325668
1325669
1325670
1325671
1325672
1325673
1325674
1325675
1325676
1325677
1325678
1325679
1327531
1327541
1327640
1327641
1327644
1327649
1328000
1328001
1328002
1328531
1328541
1328770
1328771
1328772
1328773
1328774
1328775
1328776
1328777
1328778
1328779
1329010
1329024
1329029
1329032
1329033
1329531
1329541
1329640
1329641
1329644
1330531
1330541
1330640
1330641
1330644
1331061
1332510
1332511
1332512
1332513
1333510
1333511
1333512
1333513
1333514
1333515
1333516
1333517
1333518
1333519
1334510
1334511
1334512
1334513
1335531
1335541
1335665
1335666
1335667
1335668
1335669
1336100
1336101
1336102
1336103
1336104
1336105
1336106
1336107
1336108
1336109
1336531
1336541
1337050
1337051
1337052
1337053
1337054
1337055
1337056
1337057
1337058
1337059
1337531
1337541
1337640
1337641
1337644
1338531
1338541
1338640
1338641
1338644
1339531
1339541
1339640
1339641
1339644
1340220
1340221
1340222
1340531
1340541
1340606
1340640
1340641
1340692
1340693
1340694
1340695
1340696
1340697
1340698
1340699
1345510
1345511
1345512
1345513
1345514
1345515
1345516
1345517
1346531
1346540
1346541
1346590
1346591
1346592
1346593
1347531
1347540
1347541
1347590
1347591
1347592
1347593
1347594
1347595
1347596
1347597
1347598
1347599
1350531
1350540
1350541
1350640
1350641
1351531
1351541
1351861
1355315
1355316
1355317
1355318
1355319
1357310
1357311
1357312
1357313
1357314
1357315
1357316
1357317
1357318
1357319
1357375
1357376
1357377
1357378
1357379
1358310
1358311
1358312
1358313
1358314
1358315
1358316
1358317
1358318
1358319
1358900
1358901
1358902
1358903
1358904
1358905
1358906
1358907
1358908
1358909
1358910
1358911
1358912
1358913
1358914
1360531
1360540
1360541
1360637
1360640
1360641
1360892
1360893
1361531
1361541
1361640
1361641
1362531
1362541
1362640
1362641
1364531
1364541
1364640
1364641
1365531
1365541
1365640
1365641
1365860
1365861
1365862
1365863
1365864
1366531
1366541
1366880
1366881
1366882
1367531
1367541
1367880
1367881
1367882
1368531
1368541
1368860
1368861
1368862
1368863
1368864
1369531
1369541
1369860
1369861
1369862
1369863
1369864
1370531
1370540
1370541
1370544
1370640
1370641
1370644
1370892
1370893
1378980
1378981
1378982
1379100
1379101
1379102
1379103
1379104
1379105
1379106
1379107
1379108
1379109
1379110
1379111
1379112
1379113
1379114
1379310
1379311
1379312
1379313
1379314
1379315
1379316
1379317
1379318
1379319
1380531
1380540
1380541
1380544
1380640
1380641
1380892
1380893
1385310
1385311
1385312
1385313
1385314
1385315
1385316
1385317
1385318
1385319
1385410
1385411
1385412
1385413
1385414
1385415
1385416
1385417
1385418
1385419
1386400
1386401
1386402
1386403
1386404
1386405
1386406
1386407
1386408
1386409
1386410
1386411
1386412
1386413
1386414
1386415
1386416
1386417
1386418
1386419
1386910
1386911
1386912
1386913
1386914
1386915
1386916
1386917
1386918
1386919
1388498
1388499
1390054
1390063
1390064
1390531
1390541
1390640
1390641
1390644
1395310
1395311
1395312
1395313
1395314
1395315
1395316
1395317
1395318
1395319
1395410
1395411
1395412
1395413
1395414
1395415
1395416
1395417
1395418
1395419
1396400
1396401
1396402
1396403
1396404
1396405
1396406
1396407
1396408
1396409
1396410
1396411
1396412
1396413
1396414
1396415
1396416
1396417
1396418
1396419
1396900
1396901
1396902
1396903
1396904
1396905
1396906
1396907
1396908
1396909
1396910
1396911
1396912
1396913
1396914
1396915
1396916
1396917
1396918
1396919
1500531
1500541
1500640
1500641
1500651
1502000
1502001
1505310
1505311
1505312
1505313
1505314
1505315
1505316
1505317
1505318
1505319
1505410
1505411
1505412
1505413
1505414
1505415
1505416
1505417
1505418
1505419
1506333
1506334
1506335
1506336
1506337
1506338
1506339
1506400
1506401
1506402
1506403
1506404
1506405
1506406
1506407
1506408
1506409
1506410
1506411
1506412
1506413
1506414
1506415
1506531
1506541
1506610
1506611
1506612
1506613
1506614
1506615
1506665
1506666
1506667
1506668
1506669
1506900
1506901
1506902
1506903
1506904
1506905
1506906
1506907
1506908
1506909
1506910
1506911
1506912
1506913
1506914
1506915
1506916
1506917
1506918
1506919
1509870
1509871
1509872
1509873
1509874
1509875
1509876
1509877
1509878
1509879
1509880
1509881
1509882
1509883
1509884
1509885
1509886
1509887
1509888
1509889
1509890
1509891
1509892
1509893
1509894
1509895
1509896
1509897
1509898
1509899
1510531
1510541
1510690
1510691
1510692
1510693
1510694
1510695
1510696
1510697
1510698
1510699
1515310
1515311
1515312
1515313
1515314
1515315
1515316
1515317
1515318
1515319
1515410
1515411
1515412
1515413
1515414
1515415
1515416
1515417
1515418
1515419
1516500
1516501
1516502
1516503
1516504
1516505
1516506
1516507
1516508
1516509
1516510
1516511
1516512
1516513
1516514
1516515
1516516
1516517
1516518
1516519
1516531
1516541
1516641
1516880
1516881
1516882
1516883
1516884
1516885
1516886
1516887
1516888
1516889
1516900
1516901
1516902
1516903
1516904
1516905
1516906
1516907
1516908
1516909
1516910
1516911
1516912
1516913
1516914
1516915
1516916
1516917
1516918
1516919
1519410
1519411
1519412
1519413
1519414
1519415
1519416
1519417
1519418
1519419
1520531
1520541
1520666
1521531
1521541
1521640
1521641
1521644
1524418
1525310
1525311
1525312
1525313
1525314
1525315
1525316
1525317
1525318
1525319
1525410
1525411
1525412
1525413
1525414
1525415
1525416
1525417
1525418
1525419
1526410
1526411
1526412
1526413
1526414
1526415
1526416
1526417
1526418
1526419
1526531
1526910
1526911
1526912
1526913
1526914
1526915
1526916
1526917
1526918
1526919
1527510
1527511
1527512
1527513
1527514
1527515
1527516
1527517
1527518
1527519
1527531
1527541
1528884
1528885
1528886
1528887
1530531
1530541
1530640
1530641
1530644
1531410
1531411
1531412
1531510
1531511
1531512
1531513
1531531
1531541
1531555
1531556
1531557
1531558
1531559
1531880
1531881
1531882
1531883
1531884
1531885
1533124
1533127
1533128
1533531
1533541
1533640
1533641
1533995
1533996
1534531
1555310
1555311
1555312
1555313
1555314
1555315
1555316
1555317
1555318
1555319
1560531
1560541
1560640
1560641
1560644
1561524
1561531
1561541
1561551
1561561
1561571
1561577
1565310
1566601
1566632
1566640
1566641
1566644
1566666
1566677
1566696
1566697
1569231
1569237
1569800
1569801
1569804
1580531
1580541
1580640
1580641
1580660
1580661
1580662
1580663
1580664
1580665
1580666
1580667
1580668
1580669
1582000
1582001
1582009
1585310
1585311
1585312
1585313
1585314
1585315
1585316
1585317
1585318
1585319
1585410
1585411
1585412
1585413
1585414
1585415
1585416
1585417
1585418
1585419
1586313
1586314
1586315
1586316
1586317
1586318
1586319
1586377
1586378
1586379
1586400
1586401
1586402
1586403
1586450
1586451
1586452
1586453
1586478
1586479
1586525
1586526
1586527
1586528
1586529
1586531
1586660
1586661
1586662
1586663
1586664
1586667
1586668
1586669
1586670
1586671
1586672
1586673
1586674
1586675
1586676
1586677
1586678
1586679
1589890
1589891
1590531
1590541
1590808
1591008
1591009
1591010
1594970
1595310
1595311
1595312
1595313
1595314
1595315
1595316
1595317
1595318
1595319
1595410
1595411
1595412
1595478
1595490
1595491
1596310
1596311
1596312
1596313
1596400
1596401
1596402
1596450
1596451
1596452
1596453
1596454
1596455
1596531
1596561
1596562
1596563
1596564
1596577
1596605
1596606
1596630
1596631
1596632
1596633
1596634
1596660
1596661
1596662
1596663
1596664
1596665
1596666
1596667
1596668
1596669
1596967
1596968
1596969
1596970
1596971
1599090
1599099
1860531
1865310
1865311
1865312
1865313
1865314
1865315
1865316
1865317
1865318
1865319
1880531
1880541
1880640
1880641
1880644
1885310
1885311
1885312
1885313
1885314
1885315
1885316
1885317
1885318
1885319
1885410
1885411
1885412
1885413
1885414
1885415
1885416
1885417
1885418
1885419
1886610
1886611
1886612
1886613
1886615
1886640
1886641
1886644
1886661
1886680
1886681
1886682
1886683
1886684
1886685
1886686
1886687
1886688
1886689
1890531
1890541
1890640
1890641
1890644
1895310
1895311
1895312
1895313
1895314
1895315
1895316
1895317
1895318
1895319
1895410
1895411
1895412
1895413
1895414
1895415
1895416
1895417
1895418
1895419