1300178
1301260
1301261
1301262
1301263
1301264
1301265
1301292
1301293
1302050
1302067
1302068
1302069
1302178
1304407
1304408
1304409
1305370
1305371
1305372
1305373
1305374
1305375
1305376
1305377
1305378
1305379
1305495
1305496
1305497
1305498
1305499
1308262
1308263
1310537
1310547
1314537
1315370
1315371
1315372
1315373
1315374
1315375
1315376
1315377
1315378
1315379
1316517
1316518
1316519
1316537
1316547
1317317
1317318
1317319
1317345
1317617
1317618
1317619
1317675
1317676
1317677
1317678
1317679
1318130
1318131
1318132
1318133
1318134
1318146
1318147
1318880
1318881
1318882
1320537
1321049
1321079
1322079
1322080
1322081
1322537
1322547
1323537
1325537
1325547
1325800
1325801
1325802
1325803
1325804
1325805
1327537
1327547
1328003
1328004
1328005
1328006
1328007
1328008
1328009
1328049
1328537
1328547
1328720
1328721
1328722
1328723
1328724
1328725
1328726
1328727
1328728
1328729
1329030
1329537
1329547
1330537
1330547
1332517
1332518
1332519
1334120
1334121
1334517
1334518
1334519
1335510
1335511
1335512
1335513
1335514
1335515
1335516
1335517
1335518
1335519
1335537
1335547
1336537
1336547
1337120
1337121
1337122
1337123
1337124
1337125
1337537
1337547
1338537
1338547
1339537
1339547
1340227
1340228
1340537
1340547
1340626
1340627
1340628
1340629
1340683
1345537
1345547
1345558
1345559
1346537
1346547
1346577
1346578
1346579
1347537
1347547
1347575
1347576
1347577
1347578
1347579
1350537
1350547
1350638
1350897
1351537
1351547
1351865
1351867
1356240
1356241
1356242
1356243
1356270
1356271
1356272
1356273
1356274
1356275
1356276
1356277
1356278
1356279
1356370
1356371
1356372
1356373
1356374
1356375
1356376
1356377
1356378
1356379
1358370
1358371
1358372
1358373
1358374
1358375
1358376
1358377
1358378
1358379
1360537
1360547
1360891
1361537
1361547
1362537
1362547
1362647
1363940
1363941
1363942
1363943
1363944
1364537
1364547
1365537
1365547
1366537
1366547
1366637
1366867
1367537
1367547
1367637
1367867
1368537
1368547
1368637
1369537
1369547
1369637
1370537
1370547
1372190
1372191
1379170
1379171
1379172
1379173
1379174
1379175
1379176
1379177
1379178
1379179
1379230
1379231
1379232
1379233
1379234
1379235
1379236
1379237
1379238
1379239
1379375
1379376
1379377
1379378
1379379
1380537
1380547
1385370
1385371
1385372
1385373
1385374
1385375
1385376
1385377
1385378
1385379
1385470
1385471
1385472
1385473
1385474
1385475
1385476
1385477
1385478
1385479
1386370
1386371
1386372
1386373
1386374
1386375
1386376
1386377
1386378
1386379
1388472
1388473
1390537
1390547
1395370
1395371
1395372
1395373
1395374
1395375
1395376
1395377
1395378
1395379
1395470
1395471
1395472
1395473
1395474
1395475
1395476
1395477
1395478
1395479
1396370
1396371
1396372
1396373
1396374
1396375
1396376
1396377
1396378
1396379
1396490
1396491
1396492
1396493
1396494
1396495
1396496
1396497
1396498
1396499
1500537
1500547
1500647
1500657
1502070
1502071
1502072
1502073
1502074
1502075
1502076
1502077
1502078
1502079
1505370
1505371
1505372
1505373
1505374
1505375
1505376
1505377
1505378
1505379
1505470
1505471
1505472
1505473
1505474
1505475
1505476
1505477
1505478
1505479
1505485
1505486
1505487
1505488
1506370
1506371
1506372
1506373
1506374
1506375
1506376
1506377
1506378
1506379
1506470
1506471
1506472
1506473
1506474
1506475
1506476
1506477
1506478
1506479
1506537
1506547
1506637
1506970
1506971
1506972
1506973
1506974
1506975
1506976
1506977
1506978
1506979
1509261
1509262
1509263
1509264
1509265
1509266
1509267
1509268
1509269
1509270
1509271
1509272
1509273
1509274
1509275
1509276
1509277
1509278
1509279
1510537
1510547
1510637
1510647
1510670
1510671
1510672
1510673
1510674
1510675
1510676
1510677
1510678
1510679
1515370
1515371
1515372
1515373
1515374
1515375
1515376
1515377
1515378
1515379
1515470
1515471
1515472
1515473
1515474
1515475
1515476
1515477
1515478
1515479
1516370
1516371
1516372
1516373
1516374
1516375
1516376
1516377
1516378
1516379
1516537
1516547
1516637
1516640
1516647
1516670
1516671
1516672
1516673
1516674
1516675
1516676
1516677
1516678
1516679
1516970
1519241
1519242
1519243
1519244
1520537
1520547
1520637
1520647
1520670
1520671
1520672
1520673
1520674
1520675
1520676
1520677
1520678
1520679
1521537
1521547
1525370
1525371
1525372
1525373
1525374
1525375
1525376
1525377
1525378
1525379
1525470
1525471
1525472
1525473
1525474
1525475
1525476
1525477
1525478
1525479
1526370
1526371
1526372
1526373
1526374
1526375
1526376
1526377
1526378
1526379
1526470
1526471
1526472
1526473
1526474
1526475
1526476
1526477
1526478
1526479
1526537
1526547
1526570
1526571
1526572
1526573
1526574
1526575
1526576
1526577
1526578
1526579
1526587
1526637
1526647
1526940
1526941
1526970
1526971
1526972
1526973
1526974
1526975
1526976
1526977
1526978
1526979
1527537
1527547
1527572
1527573
1527574
1527575
1527576
1527577
1530537
1530547
1531517
1531518
1531519
1531537
1531547
1531817
1531818
1531819
1531840
1531841
1531842
1533537
1533547
1533992
1534537
1534540
1555370
1555371
1555372
1555373
1555374
1555375
1555376
1555377
1560537
1560547
1561537
1561547
1561557
1561567
1561587
1561597
1565370
1565371
1565372
1565373
1565374
1565375
1565376
1565377
1565378
1565379
1566607
1566617
1566624
1566657
1566675
1566692
1569809
1580537
1580547
1582007
1585370
1585371
1585372
1585373
1585374
1585375
1585376
1585377
1585378
1585379
1585461
1585462
1585470
1585471
1585472
1585473
1585474
1585475
1585476
1585477
1585478
1585479
1586370
1586371
1586372
1586373
1586374
1586375
1586410
1586411
1586412
1586413
1586414
1586454
1586455
1586537
1586570
1586571
1586572
1586605
1586606
1586607
1586608
1586609
1589860
1589861
1589862
1589863
1589864
1589865
1589878
1590537
1590547
1591000
1591001
1595345
1595346
1595347
1595348
1595349
1595370
1595371
1595372
1595373
1595374
1595470
1595471
1596303
1596304
1596305
1596306
1596370
1596371
1596372
1596373
1596374
1596375
1596376
1596377
1596378
1596379
1596410
1596411
1596412
1596413
1596414
1596472
1596473
1596474
1596475
1596476
1596510
1596537
1596547
1596570
1596571
1596572
1596573
1596978
1596979
1596997
1599872
1599873
1860537
1860547
1860647
1865367
1865368
1880537
1880547
1885370
1885371
1885372
1885373
1885374
1885375
1885376
1885377
1885378
1885379
1885470
1885471
1885472
1885473
1885474
1885475
1885476
1885477
1885478
1885479
1886370
1886371
1886372
1886373
1886374
1886375
1886376
1886377
1886378
1886379
1890537
1890547
1895372
1895373
1895374
1895375
1895376
1895377
1895378
1895379
1895405
1895406
1895407
1895408
1895409