1300307
1300400
1301305
1302307
1302400
1303307
1303547
1305307
1305317
1306346
1306347
1308307
1308346
1308508
1308554
1309547
1309554
1313554
1314554
1315540
1315541
1315542
1315543
1315544
1315545
1315546
1315547
1315548
1315549
1317020
1319547
1319554
1320554
1321554
1322554
1327554
1328554
1329554
1330554
1330964
1332910
1332928
1333554
1333918
1334554
1335554
1335903
1336554
1339554
1339954
1348554
1348580
1350057
1350554
1351554
1351642
1351643
1360554
1361554
1362554
1362562
1363554
1363711
1364554
1365554
1365561
1367554
1368554
1369554
1369561
1369672
1370554
1372112
1372113
1372114
1372115
1380554
1385540
1385541
1385542
1385543
1385544
1385545
1385546
1385547
1385548
1385549
1386554
1386630
1386631
1386632
1386633
1386634
1386664
1390554
1390964
1395540
1395541
1395542
1395543
1395544
1395545
1395546
1395547
1395548
1395549
1395640
1395641
1395642
1395643
1395644
1395645
1395646
1396645
1396646
1396647
1396648
1396649
1500554
1505540
1505541
1505542
1505543
1505590
1505591
1505592
1505593
1507793
1507794
1507795
1507796
1510554
1515540
1515541
1515542
1515543
1515544
1515661
1515662
1515663
1515664
1520554
1521240
1521266
1521267
1521268
1521554
1522294
1524014
1525540
1525541
1525542
1525543
1525544
1525671
1525672
1530554
1530964
1534554
1550554
1555128
1555129
1560554
1565540
1565541
1565542
1565543
1565544
1565545
1565546
1565547
1565548
1565549
1566554
1567554
1569554
1580554
1585540
1585541
1585542
1585543
1585544
1585545
1585546
1585568
1585569
1585668
1585669
1590554
1595540
1595541
1595542
1595543
1595544
1595545
1595546
1595547
1595548
1595549
1595665
1595666
1595667
1595668
1595669
1860554
1880554
1885540
1885541
1885542
1885543
1885544
1885545
1885546
1885547
1885548
1885549
1890554
1890964
1895540
1895541
1895542
1895543
1895544
1895545
1895546
1895547
1895548
1895549