1300843
1300852
1300853
1302641
1302646
1302843
1302852
1302853
1303840
1303841
1303842
1303843
1306030
1306031
1306032
1306033
1306043
1308760
1308761
1308762
1308763
1309394
1309395
1309396
1309397
1309398
1309399
1309812
1309813
1309814
1310847
1310910
1310911
1310912
1310913
1310964
1310965
1311030
1311031
1311032
1311033
1311034
1311035
1314913
1315235
1315236
1315237
1315238
1315239
1318620
1318621
1318622
1319632
1319633
1320194
1320195
1320196
1320197
1320198
1320199
1320913
1320918
1321982
1322003
1322004
1322005
1322793
1322829
1323913
1325906
1325907
1325908
1325909
1325913
1325920
1327913
1327914
1327915
1327960
1327961
1327962
1327963
1327964
1327965
1327966
1327967
1327968
1327969
1328141
1328913
1328942
1330913
1331093
1331913
1332533
1332543
1332544
1333533
1333534
1333535
1334745
1335913
1336913
1336914
1336915
1336916
1336917
1336918
1337913
1337933
1337934
1337943
1337944
1338913
1339913
1339923
1340291
1340913
1342973
1346890
1346894
1346898
1346899
1347414
1347418
1347419
1347424
1347428
1347445
1347469
1348442
1348443
1348801
1348842
1348843
1350913
1357130
1357131
1357132
1357133
1357134
1357135
1357136
1357137
1357138
1357139
1357150
1357151
1357152
1357153
1357154
1357230
1357231
1357232
1357233
1357234
1357235
1357236
1357237
1357238
1357239
1357270
1357271
1357272
1357273
1357274
1360913
1360923
1361913
1361923
1362913
1362923
1363677
1363678
1363685
1364913
1365913
1367923
1368913
1368923
1370913
1370923
1372056
1372057
1372066
1372067
1372074
1372078
1375962
1375963
1375964
1375965
1375966
1375967
1375968
1375969
1377271
1377272
1377273
1377274
1377275
1377276
1377277
1377278
1380913
1389130
1389131
1389132
1389133
1389134
1389135
1389136
1389137
1389138
1389139
1389144
1389145
1389146
1389230
1389231
1389232
1389233
1389234
1389235
1389236
1389237
1389238
1389239
1389250
1389251
1389252
1389253
1389254
1389255
1389256
1389257
1389258
1389259
1390913
1399154
1399163
1399164
1399165
1399166
1399167
1399168
1399169
1399230
1399231
1399232
1399233
1399234
1399235
1399236
1399237
1399238
1399239
1500913
1500923
1502913
1502933
1502943
1502953
1502958
1502963
1502965
1502971
1502983
1509103
1509113
1509116
1509123
1509127
1509130
1509139
1509143
1509164
1509168
1509182
1510913
1511493
1512913
1512933
1512943
1512955
1512967
1512973
1512981
1512984
1512989
1512991
1512992
1519130
1519131
1519132
1519133
1519134
1519135
1519136
1519137
1519138
1519139
1519183
1519193
1520913
1522913
1522943
1522953
1522963
1522964
1522973
1522983
1522993
1522996
1524903
1524905
1524913
1528923
1528933
1528943
1528946
1529130
1529131
1529132
1529133
1529134
1529135
1529136
1529137
1529138
1529139
1529143
1529193
1530913
1531909
1531910
1531911
1531912
1531913
1531914
1531915
1531916
1533222
1533223
1533224
1533225
1533612
1533613
1533614
1533615
1534913
1552913
1559130
1559131
1559132
1559133
1559134
1559135
1559136
1559137
1559138
1559139
1559193
1559199
1559220
1559221
1559222
1559223
1559224
1559225
1559226
1559227
1559228
1559229
1559230
1559231
1559232
1559233
1559234
1559235
1559236
1559237
1559238
1559239
1559240
1559241
1559242
1559243
1559244
1559245
1559246
1559247
1559248
1559249
1559630
1559631
1559632
1559633
1559634
1560913
1560918
1561913
1561960
1561961
1561962
1561963
1561964
1561965
1561966
1561967
1561968
1561969
1566730
1566731
1566732
1566733
1566734
1566735
1566736
1566737
1566738
1566739
1569130
1569131
1569132
1569133
1569134
1569135
1569136
1569137
1569138
1569139
1580913
1582915
1582919
1582942
1582943
1582983
1587733
1587743
1587764
1587768
1589103
1589104
1589108
1589132
1589133
1589143
1589153
1589154
1589158
1590913
1592903
1592904
1592908
1592913
1592923
1592926
1592927
1592933
1592943
1592966
1592967
1592971
1592975
1592984
1592988
1599113
1599117
1599129
1599130
1599139
1599149
1599193
1860913
1860923
1860924
1860925
1868196
1880913
1889130
1889131
1889132
1889133
1889134
1889135
1889136
1889137
1889138
1889139
1889143
1889153
1889156
1889183
1889188
1890913
1896652
1896653
1899154
1899163
1899164
1899165
1899166
1899167
1899168
1899169
1899230
1899231
1899232
1899233
1899234
1899235
1899236
1899237
1899238
1899239