1301300
1301301
1301302
1302602
1302603
1303063
1303503
1303545
1304550
1305310
1305314
1306330
1306334
1308314
1308330
1308331
1308332
1308333
1308550
1309330
1309331
1309332
1309550
1313545
1313550
1314550
1315500
1315501
1315502
1315503
1315504
1315505
1315506
1315507
1315508
1315509
1316762
1317000
1319550
1320550
1321550
1322550
1327550
1328550
1329550
1330550
1330960
1332900
1332920
1333550
1333900
1333920
1334550
1334925
1335550
1335900
1336550
1336570
1339550
1339950
1339960
1347070
1348550
1348575
1348576
1348577
1348591
1350550
1350555
1351490
1351550
1351640
1351641
1360550
1361550
1362550
1363550
1363700
1363701
1363702
1363703
1363704
1364550
1365550
1366550
1367550
1368550
1369550
1369674
1369675
1370550
1372100
1372101
1373920
1373921
1380055
1380550
1385500
1385501
1385502
1385503
1385504
1385505
1385506
1385507
1385508
1385509
1386550
1386581
1386582
1386583
1386652
1386653
1386690
1386691
1386692
1386693
1386694
1390550
1390960
1395500
1395501
1395502
1395503
1395504
1395505
1395506
1395507
1395508
1395509
1395628
1395629
1395630
1395631
1395632
1396563
1396564
1396595
1396596
1396597
1396598
1396599
1500550
1505500
1505501
1505502
1505503
1505610
1505611
1505612
1505613
1505614
1505650
1505651
1505652
1505653
1505654
1505655
1510550
1515500
1515501
1515502
1515503
1515504
1515505
1515506
1515507
1517840
1517841
1517842
1517843
1517844
1517845
1517846
1517847
1517848
1517849
1520550
1521200
1521201
1521202
1521203
1521204
1521205
1521206
1521207
1521208
1521209
1521218
1521219
1521550
1522290
1524000
1525500
1525501
1525502
1525503
1525504
1525505
1525506
1525507
1525508
1525668
1525669
1530550
1530960
1534550
1550550
1555100
1555101
1555102
1555103
1555104
1555500
1555501
1555502
1555503
1555504
1555505
1555506
1555507
1555508
1555509
1555633
1555644
1560550
1560960
1565500
1565501
1565502
1565503
1565504
1565505
1565506
1565507
1565508
1565509
1566550
1567550
1569550
1580550
1585500
1585501
1585502
1585503
1585504
1585505
1585506
1585507
1585508
1585509
1585665
1585666
1590550
1595500
1595501
1595502
1595503
1595504
1595505
1595506
1595507
1595508
1595509
1595550
1595608
1595609
1860550
1860960
1880550
1885500
1885501
1885502
1885503
1885504
1885505
1885506
1885507
1885508
1885509
1890550
1890960
1895500
1895501
1895502
1895503
1895504
1895505
1895506
1895507
1895508
1895509