1300152
1301179
1301272
1302054
1302062
1302152
1303452
1306100
1306101
1306102
1306103
1306104
1306105
1306106
1308272
1310543
1314543
1315342
1315358
1315359
1315649
1315683
1316543
1317328
1317329
1317342
1317628
1317629
1317642
1317649
1318100
1318101
1318102
1318103
1318104
1318890
1318891
1320543
1321040
1321041
1321070
1321071
1321072
1322070
1322071
1322072
1322543
1324543
1325543
1325628
1325629
1325649
1325890
1325891
1327543
1328040
1328041
1328543
1328739
1329027
1329543
1330543
1330649
1332628
1332629
1333628
1333629
1334628
1334629
1335543
1335624
1335628
1335629
1336543
1337130
1337131
1337132
1337133
1337134
1337543
1337649
1338543
1338649
1339543
1339628
1339629
1339649
1340543
1340615
1340616
1340617
1340618
1340619
1340623
1340624
1340625
1345543
1345576
1345577
1345578
1345579
1346505
1346506
1346507
1346508
1346509
1346543
1347505
1347506
1347507
1347508
1347509
1347543
1350543
1350637
1351543
1356150
1356151
1356152
1356153
1356154
1356155
1356156
1356157
1356158
1356159
1356230
1356231
1356232
1356233
1356234
1356305
1356306
1356307
1356308
1356309
1358115
1358116
1358940
1358941
1358942
1358970
1358971
1358972
1358973
1358974
1360543
1361543
1362543
1362649
1364543
1365543
1366543
1367543
1367630
1368543
1368630
1369543
1369630
1370543
1370637
1375465
1375466
1375467
1375468
1375469
1379225
1379226
1379227
1379228
1379229
1379385
1379386
1379387
1379388
1379389
1380543
1385430
1385431
1385432
1385433
1385434
1385435
1385436
1385437
1385438
1385439
1388485
1388486
1390543
1390649
1395430
1395431
1395432
1395433
1395434
1395435
1395436
1395437
1395438
1395439
1396307
1396308
1396309
1500543
1500544
1500630
1500693
1500694
1500695
1500696
1500697
1500698
1500699
1502058
1505430
1505431
1505432
1505433
1505434
1505435
1505436
1505437
1505438
1505439
1506520
1506521
1506522
1506523
1506524
1506525
1506526
1506527
1506528
1506529
1506543
1506690
1506691
1506692
1506693
1506694
1506695
1506696
1506697
1506698
1506699
1510543
1515430
1515431
1515432
1515433
1515434
1515435
1515436
1515437
1515438
1515439
1516543
1516609
1516630
1516680
1516681
1516990
1516991
1516992
1516993
1516994
1516995
1516996
1516997
1516998
1516999
1520543
1520685
1520686
1520687
1520688
1520689
1521543
1521649
1522436
1522437
1522438
1525430
1525431
1525432
1525433
1525434
1525435
1525436
1525437
1525438
1525439
1526300
1526301
1526543
1526670
1526671
1526672
1526673
1526674
1526675
1526676
1526677
1526678
1526679
1527543
1530543
1530649
1531435
1531436
1531437
1531543
1531820
1531821
1533543
1533649
1534543
1555335
1555336
1555337
1555338
1555349
1560543
1560649
1561522
1561527
1561528
1561543
1561598
1566612
1566629
1566649
1566663
1566680
1569803
1580543
1580689
1585430
1585431
1585432
1585433
1585434
1585435
1585436
1585437
1585438
1585439
1585466
1586519
1586520
1586521
1586522
1586523
1586540
1586541
1586542
1586543
1586544
1586625
1586665
1586666
1589889
1589892
1590543
1591006
1595430
1595431
1595432
1595433
1595434
1595435
1595436
1595437
1595473
1596307
1596406
1596407
1596501
1596526
1596540
1596541
1596543
1596635
1596636
1596637
1596638
1596639
1596998
1596999
1860543
1860649
1865352
1880543
1880649
1885430
1885431
1885432
1885433
1885434
1885435
1885436
1885437
1885438
1885439
1886307
1886308
1886309
1886649
1886666
1890543
1890649
1895430
1895431
1895432
1895433
1895434
1895435
1895436
1895437
1895438
1895439