1300395
1300396
1301561
1301562
1301563
1301564
1301565
1301566
1301567
1302395
1302396
1304306
1304307
1304308
1304309
1304450
1304452
1304453
1304596
1305534
1305535
1305536
1305537
1305538
1305539
1305544
1305545
1305588
1305589
1305596
1306240
1306241
1306242
1306300
1306301
1306302
1306310
1306311
1306312
1306313
1306314
1306315
1306316
1306317
1306318
1306319
1310500
1310501
1310502
1310503
1310504
1310505
1311065
1311066
1311067
1311596
1312330
1312331
1312332
1312333
1312334
1312335
1315910
1315911
1315912
1315913
1315914
1315915
1315916
1315917
1315918
1315919
1315946
1315947
1315948
1315949
1316397
1316398
1316483
1316484
1317460
1317461
1317462
1317466
1317467
1317468
1317800
1317802
1317816
1317831
1317834
1317837
1320596
1321596
1322501
1323501
1323502
1323503
1323504
1323505
1323596
1327596
1327606
1327697
1328508
1329071
1329076
1329087
1329596
1330606
1330694
1330695
1330696
1332833
1332834
1332835
1332844
1332845
1332870
1332871
1332872
1332880
1332881
1333830
1333831
1333832
1333833
1333834
1333835
1334845
1334846
1334847
1334848
1334849
1335830
1335831
1335832
1335833
1335834
1336500
1336501
1337503
1337596
1337690
1337691
1338596
1338694
1338695
1338696
1338697
1339403
1339596
1340090
1340091
1340092
1340093
1340094
1340095
1340096
1340097
1340098
1340099
1345960
1345961
1345962
1345963
1345964
1345965
1345966
1345967
1345968
1345969
1348960
1348961
1348962
1348963
1348964
1348965
1348966
1348967
1348968
1348969
1351403
1351594
1351595
1355928
1355929
1355965
1355966
1355967
1355968
1355969
1359956
1359957
1359958
1359959
1359965
1359966
1359967
1359968
1359969
1360500
1360501
1360502
1360503
1360504
1360505
1360506
1360507
1360508
1360509
1360695
1360696
1360697
1360698
1360699
1360755
1360756
1360757
1360758
1360759
1361506
1361507
1361508
1361509
1362590
1362591
1362592
1362593
1362594
1364604
1364605
1364606
1364607
1364608
1364609
1365604
1365605
1365606
1365607
1365608
1365609
1369590
1369591
1369592
1369593
1369594
1369595
1369596
1369597
1369598
1369599
1370930
1370931
1370932
1370933
1370934
1370935
1370936
1370937
1370938
1370939
1372080
1374060
1377473
1377474
1377475
1377476
1377990
1377991
1379904
1379905
1379906
1379970
1379971
1379981
1379982
1379983
1380690
1380691
1380692
1380693
1380694
1380695
1385040
1385041
1385042
1385043
1385044
1385045
1385046
1385047
1385048
1385049
1385050
1385051
1385052
1385053
1385054
1385055
1385056
1385057
1385058
1385059
1385920
1385921
1385922
1385923
1385924
1385925
1385926
1385927
1385928
1385929
1386080
1386081
1386082
1386083
1386084
1386085
1386086
1386087
1386088
1386089
1390606
1390694
1390695
1390696
1395960
1395961
1395962
1395963
1395964
1395965
1395966
1395967
1395968
1395969
1396000
1396001
1396002
1396003
1396004
1396005
1396006
1396007
1396008
1396009
1396010
1396011
1396012
1396013
1396014
1396015
1396016
1396017
1396018
1396019
1500600
1500601
1500602
1500603
1500604
1500605
1500606
1500607
1500608
1500609
1505920
1505921
1505922
1505923
1505924
1505960
1505961
1505962
1505963
1505964
1505965
1505966
1505967
1505968
1505969
1506050
1506051
1506052
1506053
1506054
1506055
1506056
1506057
1506058
1506059
1515965
1515966
1515967
1515968
1515969
1516050
1516051
1516052
1516053
1516054
1525960
1525961
1525962
1525963
1525964
1525965
1525966
1525967
1525968
1525969
1526000
1526001
1526002
1526003
1526004
1526005
1526006
1526007
1526008
1526009
1526010
1526011
1526012
1526013
1526014
1526015
1526016
1526017
1526018
1526019
1526050
1526051
1526052
1526053
1526054
1526055
1526056
1526057
1526058
1526059
1526060
1526061
1526062
1526063
1526064
1526065
1526066
1526067
1526068
1526069
1528060
1528061
1528062
1528063
1528064
1530506
1530507
1530596
1530693
1533756
1534502
1534506
1534507
1560506
1560590
1560596
1560604
1560605
1565904
1565940
1565952
1565953
1565965
1565966
1565967
1565968
1565969
1566501
1566505
1566509
1566571
1566586
1566596
1569596
1585960
1585961
1585962
1585963
1585964
1585965
1585966
1585967
1585968
1585969
1586020
1586021
1586022
1586023
1586024
1586060
1586061
1586062
1586063
1586064
1588050
1588051
1588052
1588053
1588054
1588055
1588056
1588057
1588058
1588059
1589200
1589201
1589202
1589203
1589204
1595948
1595949
1595960
1595961
1595962
1595963
1595964
1595965
1595966
1595967
1595968
1595969
1596060
1596061
1596062
1596063
1596064
1596065
1596066
1596067
1596068
1596069
1596085
1596086
1596087
1860506
1860590
1860596
1860604
1880596
1885020
1885021
1885022
1885023
1885024
1885025
1885026
1885027
1885028
1885029
1885960
1885961
1885962
1885963
1885964
1885965
1885966
1885967
1885968
1885969
1890596
1890606
1890694
1890695
1890696
1895960
1895961
1895962
1895963
1895964
1895965
1895966
1895967
1895968
1895969
1896000
1896001
1896002
1896003
1896004
1896005
1896006
1896007
1896008
1896009
1896010
1896011
1896012
1896013
1896014
1896015
1896016
1896017
1896018
1896019
1896520
1896521
1896522
1896523
1896524
1896525
1896526
1896527
1896528
1896529
1896546
1896547
1896596