1300016
1300027
1300160
1300161
1300162
1300272
1300273
1300274
1300275
1301016
1301256
1301257
1301258
1301259
1302160
1302161
1302162
1302272
1302273
1302274
1302275
1303160
1303161
1303162
1303163
1303164
1303165
1304640
1304641
1304642
1304749
1305350
1305351
1305352
1305353
1305354
1305355
1305356
1305357
1305358
1305359
1305450
1305451
1305452
1305453
1305454
1305455
1305456
1305457
1305458
1305459
1308160
1308161
1308162
1308163
1308164
1310520
1310521
1310522
1310523
1310524
1310525
1310526
1310527
1310528
1310529
1310535
1310545
1312707
1312708
1314535
1315350
1315351
1315352
1315353
1315354
1315645
1315690
1315691
1315692
1315693
1315694
1315695
1316535
1316545
1317638
1317645
1317690
1317691
1317692
1317693
1317694
1318150
1318151
1318152
1318153
1318154
1318160
1318161
1318162
1318163
1318164
1318400
1318401
1318402
1318403
1318404
1318405
1318876
1318877
1318878
1318879
1320535
1320544
1320545
1321091
1321092
1321093
1321094
1322091
1322092
1322093
1322094
1322535
1322545
1323535
1324535
1325535
1325545
1325550
1325551
1325552
1325553
1325554
1325638
1325645
1325648
1325662
1325690
1325691
1325692
1325693
1325694
1325695
1325696
1325697
1325698
1325699
1327535
1327545
1327638
1327645
1328090
1328091
1328092
1328093
1328094
1328095
1328096
1328097
1328098
1328099
1328535
1328545
1328742
1328743
1328744
1328745
1328746
1328795
1328796
1328797
1328798
1328799
1329018
1329036
1329535
1329545
1329638
1329645
1330535
1330545
1330638
1330645
1332514
1332515
1332516
1332638
1333638
1334514
1334515
1334516
1334638
1335535
1335545
1335638
1335690
1335691
1335692
1335693
1335694
1335695
1335696
1335697
1335698
1335699
1336130
1336131
1336132
1336133
1336134
1336135
1336136
1336137
1336138
1336139
1336535
1336545
1337091
1337092
1337093
1337094
1337135
1337136
1337137
1337138
1337139
1337535
1337545
1337638
1337645
1338535
1338545
1338638
1338645
1339535
1339545
1339638
1339645
1340535
1340545
1340643
1340644
1340645
1340650
1340651
1340652
1340653
1340654
1340655
1340656
1340657
1340658
1340659
1345550
1345551
1345552
1345553
1345554
1345555
1345556
1345557
1346535
1346545
1346550
1346551
1346552
1346553
1346554
1346555
1346556
1346557
1346558
1346559
1346560
1346561
1346562
1346843
1346844
1346845
1347535
1347545
1350535
1350545
1350645
1351535
1351545
1355310
1355311
1355312
1355313
1355314
1356250
1356251
1356252
1356253
1356254
1356255
1356256
1356257
1356258
1356259
1357350
1357351
1357352
1357353
1357354
1357355
1357356
1357357
1357358
1357359
1358350
1358351
1358352
1358353
1358354
1358355
1358356
1358357
1358358
1358359
1358975
1358976
1358977
1358978
1358979
1358980
1358981
1358982
1358983
1358984
1358985
1358986
1358987
1358988
1358989
1360535
1360545
1360638
1360644
1360645
1361535
1361544
1361545
1361645
1362535
1362544
1362545
1362645
1364535
1364544
1364545
1364645
1365535
1365544
1365545
1365645
1366535
1366544
1366545
1366865
1367535
1367544
1367545
1367865
1368535
1368544
1368545
1368638
1368865
1368866
1368867
1368868
1368869
1369535
1369544
1369545
1369638
1369760
1369761
1369762
1369763
1369764
1369784
1369785
1369786
1369787
1369788
1369789
1370535
1370545
1370645
1370890
1370891
1372394
1372395
1372396
1372397
1372398
1378090
1378091
1378092
1378093
1378094
1378095
1378096
1378097
1378098
1378099
1379115
1379116
1379117
1379118
1379119
1379120
1379121
1379122
1379123
1379124
1379125
1379126
1379127
1379128
1379129
1379250
1379251
1379252
1379253
1379254
1379255
1379256
1379257
1379258
1379259
1379350
1379351
1379352
1379353
1379354
1379355
1379356
1379357
1379358
1379359
1380053
1380535
1380545
1380638
1380645
1380890
1380891
1385350
1385351
1385352
1385353
1385354
1385355
1385356
1385357
1385358
1385359
1385450
1385451
1385452
1385453
1385454
1385455
1385456
1385457
1385458
1385459
1386380
1386381
1386382
1386383
1386384
1386385
1386386
1386387
1386388
1386389
1386450
1386451
1386452
1386453
1386454
1386455
1386456
1386457
1386458
1386459
1388464
1388465
1388466
1388467
1388493
1390535
1390545
1390638
1390645
1395350
1395351
1395352
1395353
1395354
1395355
1395356
1395357
1395358
1395359
1395450
1395451
1395452
1395453
1395454
1395455
1395456
1395457
1395458
1395459
1396380
1396381
1396382
1396383
1396384
1396385
1396386
1396387
1396388
1396389
1396450
1396451
1396452
1396453
1396454
1396455
1396456
1396457
1396458
1396459
1500535
1500545
1500645
1500650
1500655
1505350
1505351
1505352
1505353
1505354
1505355
1505356
1505357
1505358
1505359
1505450
1505451
1505452
1505453
1505454
1505455
1505456
1506380
1506381
1506382
1506383
1506384
1506385
1506386
1506387
1506388
1506389
1506450
1506451
1506452
1506453
1506454
1506455
1506456
1506457
1506458
1506459
1506535
1506545
1506570
1506571
1506572
1506573
1506574
1506575
1506576
1506577
1506578
1506579
1506638
1506675
1506676
1506677
1506678
1509845
1509846
1509847
1509848
1509849
1509850
1509851
1509852
1509853
1509854
1509855
1509856
1509857
1509858
1509859
1509860
1509861
1509862
1509863
1509864
1509865
1509866
1509867
1509868
1510535
1510545
1510638
1510644
1510645
1510646
1510648
1510650
1510651
1510652
1510653
1510654
1510655
1510656
1510657
1510658
1510659
1515350
1515351
1515352
1515353
1515354
1515355
1515356
1515357
1515358
1515359
1515450
1515451
1515452
1515453
1515454
1515455
1515456
1515457
1515458
1515459
1516535
1516545
1516570
1516571
1516572
1516573
1516574
1516575
1516576
1516577
1516578
1516579
1516638
1516682
1516683
1516684
1516685
1516686
1516687
1516688
1516689
1519220
1519221
1519222
1519223
1519224
1519225
1519226
1519227
1519228
1519229
1519230
1519231
1519232
1519233
1519234
1519235
1519236
1519237
1519238
1519239
1519240
1519435
1519436
1520535
1520545
1521535
1521545
1521638
1524450
1524451
1524452
1524453
1524454
1524455
1524456
1524457
1524458
1524459
1525350
1525351
1525352
1525353
1525354
1525355
1525356
1525357
1525358
1525359
1525450
1525451
1525452
1525453
1525454
1525455
1525456
1525457
1525458
1525459
1526450
1526451
1526452
1526453
1526454
1526455
1526456
1526457
1526458
1526459
1526535
1526650
1526651
1526652
1526653
1526654
1526655
1526656
1526657
1526658
1526659
1526950
1526951
1526952
1526953
1526954
1526955
1526956
1526957
1526958
1526959
1527535
1527545
1527550
1527551
1527552
1527553
1527554
1527555
1527556
1527557
1528876
1528877
1528878
1528879
1530535
1530545
1530638
1530645
1531446
1531447
1531448
1531449
1531514
1531515
1531516
1531535
1531545
1531862
1531863
1531864
1531865
1531866
1531867
1531868
1531869
1533535
1533545
1533638
1533645
1534535
1550647
1550648
1550649
1550657
1550658
1550659
1550663
1550664
1550665
1550666
1555220
1555221
1555222
1555223
1555224
1555225
1555226
1555227
1555228
1555229
1555342
1555343
1555344
1555345
1555350
1555351
1555352
1555353
1555354
1555355
1555356
1555357
1555358
1555359
1555369
1560535
1560545
1560645
1561508
1561535
1561545
1561555
1561565
1561575
1561585
1561595
1565350
1565351
1565352
1565353
1565354
1565355
1565356
1565357
1565358
1565359
1565381
1565382
1565383
1565384
1565385
1565386
1565387
1565388
1565389
1566605
1566645
1566654
1566655
1566658
1566664
1566681
1566690
1569235
1569817
1569818
1580535
1580545
1580638
1580644
1580645
1582005
1585350
1585351
1585352
1585353
1585354
1585355
1585356
1585357
1585358
1585359
1585450
1585451
1585452
1585453
1585454
1585455
1585456
1585457
1585458
1585459
1586380
1586381
1586382
1586383
1586384
1586405
1586406
1586407
1586408
1586409
1586535
1586560
1586561
1586562
1586563
1586564
1586635
1586636
1586637
1586638
1586645
1586646
1586647
1586648
1586649
1589896
1590535
1590545
1590638
1590890
1590891
1591002
1591003
1594971
1594987
1594988
1594989
1594996
1594997
1595350
1595351
1595352
1595353
1595354
1595355
1595356
1595357
1595358
1595359
1595450
1595451
1595452
1595453
1595454
1595459
1595469
1595495
1595496
1595497
1595498
1595499
1596314
1596350
1596351
1596352
1596353
1596354
1596355
1596356
1596357
1596358
1596359
1596513
1596514
1596515
1596516
1596517
1596518
1596519
1596535
1596644
1596645
1596646
1596647
1596648
1596649
1596650
1596651
1596652
1596653
1596654
1596655
1596656
1596657
1596658
1596659
1596965
1596966
1860535
1860545
1865350
1865356
1865357
1865358
1880535
1880545
1880638
1880645
1885350
1885351
1885352
1885353
1885354
1885355
1885356
1885357
1885358
1885359
1885450
1885451
1885452
1885453
1885454
1885455
1885456
1885457
1885458
1885459
1886380
1886381
1886382
1886383
1886384
1886385
1886386
1886387
1886388
1886389
1886638
1886645
1886665
1890535
1890545
1890638
1890645
1895350
1895351
1895352
1895353
1895354
1895355
1895356
1895357
1895358
1895359