1300979
1300988
1300989
1301905
1301906
1302988
1302995
1302996
1303970
1303971
1303972
1304530
1304531
1304532
1304533
1304534
1305433
1305434
1306978
1306979
1306982
1306983
1308983
1308984
1308985
1308986
1308987
1308988
1308989
1309181
1309182
1309183
1309184
1309185
1310153
1310163
1310453
1311453
1311463
1311533
1311553
1311563
1312453
1312593
1313453
1313686
1313687
1313688
1313689
1314453
1314463
1314953
1314963
1315453
1316360
1316361
1316362
1319453
1319933
1319934
1319935
1319936
1319937
1319938
1319939
1320453
1320686
1320687
1320688
1320689
1320843
1321283
1321453
1321463
1322453
1322463
1323453
1325153
1325163
1325850
1325851
1326353
1327453
1327457
1328403
1328453
1328496
1329874
1329879
1330363
1330453
1330483
1331453
1331463
1332943
1332953
1333943
1333953
1334943
1334953
1335103
1335113
1335123
1335133
1335143
1335163
1335173
1335183
1335253
1335453
1335953
1335956
1335968
1335969
1335988
1338453
1338463
1339453
1350453
1350460
1350463
1350483
1351450
1351451
1351452
1351453
1351454
1351455
1351456
1351457
1351458
1351459
1355500
1355501
1355540
1355541
1360453
1360460
1360463
1360483
1361453
1361460
1361463
1362453
1362463
1363453
1363463
1364453
1364463
1366453
1366463
1367453
1368453
1368464
1369453
1369463
1369464
1369467
1369468
1370453
1370460
1370463
1370483
1374530
1374531
1374532
1374533
1374534
1374535
1374536
1374537
1374538
1374539
1374600
1374601
1374602
1374603
1374604
1374605
1374606
1374607
1374608
1374609
1374640
1374641
1374642
1374643
1380480
1380481
1380482
1383630
1383631
1383632
1383633
1383634
1383635
1383636
1383637
1383638
1383639
1384530
1384531
1384532
1384533
1384534
1384535
1384536
1384537
1384538
1384539
1390363
1390453
1390483
1390484
1394530
1394531
1394532
1394533
1394534
1394535
1394536
1394537
1394538
1394539
1394630
1394631
1394632
1394633
1394634
1394635
1394636
1394637
1394638
1394639
1500453
1504530
1504531
1504532
1504533
1504630
1504631
1504632
1504633
1504634
1504635
1504636
1504637
1504638
1504639
1514532
1514533
1514534
1514535
1514536
1514537
1514538
1514539
1514630
1514631
1514632
1514633
1517466
1517467
1517468
1517469
1520453
1521453
1521462
1521463
1524530
1524531
1524532
1524533
1524534
1524535
1524536
1524537
1524538
1524539
1524630
1524631
1524632
1524633
1524634
1524635
1524636
1524637
1524638
1524639
1530363
1530453
1530483
1532653
1532665
1533186
1533191
1533193
1534453
1534463
1554503
1554530
1554531
1554532
1560363
1560453
1560463
1560483
1560484
1563636
1563637
1563638
1563639
1564530
1564531
1564532
1564533
1564534
1564535
1564536
1564537
1564538
1564539
1567276
1567284
1567288
1569453
1569963
1580453
1584530
1584531
1584646
1584647
1584648
1584649
1584674
1584675
1584676
1584677
1584678
1584679
1590453
1590463
1594530
1594531
1594532
1594533
1594534
1594535
1594536
1594537
1594538
1594539
1594547
1594548
1594549
1594571
1594572
1594573
1594574
1594575
1594630
1594631
1594632
1594633
1594634
1594635
1594636
1594637
1860363
1860453
1860463
1864525
1864526
1880453
1884530
1890363
1890453
1890484
1894530
1894531
1894532
1894533
1894538
1894630
1894631
1894632
1894633
1894634
1894635
1894636
1894637
1894638
1894639