1300864
1301337
1301348
1301349
1303865
1303866
1308743
1309430
1309529
1309740
1309741
1309988
1309989
1310864
1310877
1311410
1311877
1315050
1315051
1315052
1317064
1317065
1317066
1318771
1318772
1318773
1318774
1320877
1321195
1321196
1323877
1330877
1330889
1331264
1331265
1332058
1333058
1335466
1335467
1336877
1336889
1337877
1337889
1338877
1338889
1339877
1339889
1350877
1350889
1351877
1352969
1352975
1352976
1352977
1352978
1352979
1352990
1352997
1352999
1357770
1357771
1357772
1357773
1357774
1357775
1357776
1357777
1357778
1357779
1360877
1360889
1361877
1361889
1361947
1362877
1364877
1365877
1370867
1370869
1370877
1375905
1375906
1375907
1375908
1375909
1388770
1388771
1388772
1388773
1388774
1388775
1388776
1388777
1388778
1388779
1390877
1390889
1398770
1398771
1398772
1398773
1398774
1398775
1398776
1398777
1398778
1398779
1398840
1398841
1398842
1398843
1398844
1398845
1398846
1398847
1398848
1398849
1500877
1500887
1500888
1500889
1508770
1508771
1508772
1508773
1508774
1509670
1509671
1509672
1509673
1509674
1509675
1509676
1509677
1509678
1509679
1510870
1510871
1510872
1510873
1510874
1510875
1510876
1510877
1510878
1510879
1518770
1518771
1518772
1518773
1518774
1518775
1518776
1518777
1518778
1518779
1518815
1518816
1518817
1518818
1518819
1520877
1528442
1528443
1528444
1528445
1528446
1530877
1533154
1533155
1533156
1533448
1534877
1560877
1567052
1567053
1567054
1567055
1567056
1568770
1568771
1568772
1568773
1568774
1569467
1569707
1580865
1580866
1580877
1582512
1582513
1582514
1582515
1588788
1588789
1589428
1589429
1590877
1591176
1591177
1591238
1591239
1591274
1591275
1591276
1596930
1596931
1597498
1597499
1598707
1598708
1598709
1598728
1598729
1598770
1598771
1598772
1598773
1598774
1860877
1860880
1880877
1888770
1888771
1888772
1888773
1888774
1888775
1888776
1888777
1888778
1888779
1890877
1898770