1300596
1300695
1301492
1301495
1301496
1302596
1302695
1303695
1304785
1308496
1308675
1308775
1308795
1309775
1309785
1309795
1310045
1310055
1311475
1311765
1311775
1312345
1312355
1313265
1313275
1313285
1313295
1319765
1319775
1320775
1320785
1321145
1321155
1321156
1321775
1321785
1323786
1325785
1325786
1325787
1325788
1325789
1326375
1329775
1329785
1329786
1329924
1329925
1329944
1329945
1329946
1329965
1329966
1329967
1329968
1329969
1330775
1330785
1331765
1331775
1331785
1332165
1332175
1332485
1334755
1334765
1336755
1336775
1336785
1337725
1337735
1337743
1337745
1338775
1339365
1339775
1345750
1345751
1345752
1345753
1345754
1345755
1345756
1345757
1345758
1345759
1345760
1345761
1345762
1345763
1345764
1347150
1347151
1347152
1347153
1347154
1347155
1347156
1347157
1347158
1347159
1347190
1347191
1347192
1347193
1347194
1348150
1348151
1348152
1348153
1348154
1348155
1348156
1348157
1348158
1348159
1350775
1350780
1350785
1351755
1351765
1351769
1351775
1351785
1355705
1355715
1355725
1355735
1355737
1355745
1355755
1355765
1355767
1355775
1355785
1355795
1355796
1355805
1355815
1355817
1355825
1355835
1355845
1359704
1359705
1359715
1359719
1359735
1359736
1359737
1359738
1360775
1360785
1361775
1361785
1362775
1362785
1363500
1363501
1363502
1363503
1363504
1363505
1364775
1364785
1364945
1364946
1364949
1365775
1365785
1365965
1365969
1366775
1366785
1366789
1366945
1366949
1366963
1366965
1366969
1367775
1367785
1367789
1368775
1368785
1368789
1370775
1370785
1373750
1373751
1373752
1373753
1373754
1373755
1373756
1373757
1373758
1373759
1376805
1376815
1376825
1376835
1376845
1376855
1376875
1376876
1376877
1376878
1376879
1376896
1376897
1376898
1376899
1378805
1378815
1378825
1378835
1378845
1378855
1378864
1378865
1378866
1378875
1380775
1380785
1387750
1387751
1387752
1387753
1387754
1387755
1387756
1387757
1387758
1387759
1387800
1387801
1387802
1387803
1387804
1387805
1387806
1387807
1387808
1387809
1387850
1387851
1387852
1387853
1387854
1387855
1387856
1387857
1387858
1387859
1390775
1390785
1397750
1397751
1397752
1397753
1397754
1397755
1397756
1397757
1397758
1397759
1397850
1397851
1397852
1397853
1397854
1397855
1397856
1397857
1397858
1397859
1500775
1500785
1507750
1507751
1507752
1507753
1507754
1507755
1507756
1507757
1507758
1507759
1507770
1507771
1507772
1507773
1507774
1507775
1507776
1507777
1507778
1507779
1507800
1507801
1507802
1507803
1507804
1507805
1507806
1507840
1507841
1507842
1507843
1507844
1510775
1510785
1510800
1510801
1510802
1510803
1510804
1510805
1510806
1510807
1510808
1510809
1517737
1517748
1517749
1517750
1517751
1517752
1517753
1517754
1517755
1517756
1517757
1517758
1517759
1517795
1520775
1520785
1524060
1524061
1524062
1524063
1524064
1527750
1527751
1527752
1527753
1527754
1527755
1527756
1527757
1527758
1527759
1527760
1527761
1527762
1527763
1527775
1527790
1527791
1527792
1527793
1527794
1527795
1527796
1527797
1527798
1527799
1527820
1527821
1527822
1527823
1527824
1527825
1527826
1527827
1527828
1527829
1527830
1527831
1527832
1527833
1527834
1527835
1527836
1527837
1527838
1527839
1527850
1527851
1527852
1527853
1527854
1527855
1527856
1527857
1527858
1527859
1528957
1528958
1528959
1529619
1529682
1529683
1529684
1529685
1530775
1534780
1534781
1534782
1534783
1534784
1534785
1534786
1534787
1534788
1534789
1550687
1550688
1550689
1550775
1550785
1557707
1557708
1557709
1557750
1557751
1557752
1557753
1557754
1557755
1557756
1557757
1557758
1557759
1557850
1557851
1557852
1557853
1557854
1557855
1557856
1557857
1557858
1557859
1560775
1560785
1567704
1567705
1567750
1567751
1567752
1567753
1567754
1567755
1567756
1567757
1567758
1567759
1567840
1567841
1567842
1567843
1567844
1567845
1567846
1567847
1567848
1567849
1567850
1567851
1567852
1567853
1567854
1567855
1567856
1567857
1567858
1567859
1567860
1567861
1567862
1567863
1567864
1567865
1567866
1567867
1567868
1567869
1569775
1580775
1580785
1580789
1587705
1587706
1587707
1587708
1587709
1587800
1587801
1587802
1587803
1587804
1587850
1587851
1587852
1587853
1587854
1587855
1587856
1587857
1587858
1587859
1587887
1587888
1590775
1590785
1597703
1597704
1597705
1597706
1597750
1597751
1597752
1597753
1597754
1597755
1597756
1597757
1597758
1597759
1597793
1597794
1597795
1597796
1597797
1597798
1597799
1599450
1599451
1599452
1599453
1599454
1599455
1599456
1599457
1599458
1599459
1860775
1860785
1860786
1880775
1880785
1887750
1887751
1887752
1887753
1887754
1890775
1897750
1897751
1897752
1897753
1897754
1897755
1897756
1897757
1897758
1897759
1897870
1897871
1897872
1897873
1897874