1300906
1302906
1303906
1303936
1303937
1304031
1304036
1304436
1308006
1308936
1308937
1310436
1312436
1312576
1312586
1313436
1314436
1314760
1314761
1314762
1315959
1315976
1317906
1317916
1318060
1318061
1318062
1319610
1320436
1320440
1320441
1320442
1320443
1320444
1320445
1320446
1320447
1320448
1321436
1322436
1322446
1323436
1324436
1324446
1325176
1325177
1325186
1325886
1325887
1327436
1327816
1327817
1327818
1327819
1327826
1327827
1327828
1327836
1327846
1327856
1329436
1330436
1332146
1332157
1332436
1333140
1333141
1333157
1335152
1335323
1335436
1336436
1336457
1338436
1338446
1339436
1339446
1340440
1340441
1340442
1340443
1340444
1350083
1350436
1351436
1359680
1359681
1359682
1359683
1359684
1359685
1359686
1359687
1359688
1359689
1361436
1361446
1362436
1363076
1363436
1363446
1364436
1366436
1366446
1366447
1367436
1367446
1367447
1368975
1368977
1369436
1369446
1369447
1370437
1374360
1374361
1374362
1374363
1374364
1374365
1374366
1374367
1374368
1374369
1376610
1376611
1376612
1376613
1380436
1384360
1384361
1384362
1384363
1384364
1384365
1384366
1384367
1384368
1384369
1389460
1389461
1389462
1389463
1389464
1389465
1389466
1389467
1389468
1389469
1390436
1394345
1394360
1394361
1394362
1394363
1394364
1394365
1394366
1394367
1394368
1394369
1500436
1504360
1504361
1504362
1504363
1504364
1504365
1504366
1504367
1504368
1504369
1510436
1511440
1511441
1511442
1511443
1511444
1511445
1511446
1511447
1511448
1511449
1514360
1514361
1514362
1514363
1514364
1514365
1514366
1514367
1514368
1514369
1520436
1530436
1532636
1533078
1533079
1552668
1552669
1552694
1552695
1554346
1554390
1554391
1554392
1554393
1554394
1554395
1554396
1554397
1554398
1554399
1559078
1559079
1560436
1564365
1564366
1564367
1564368
1564369
1566272
1566273
1566274
1566275
1566276
1566277
1566278
1566279
1569436
1580436
1583460
1583461
1583462
1583463
1583464
1583465
1583466
1583467
1583468
1583469
1584360
1584361
1584362
1584363
1584364
1584365
1584366
1584367
1584368
1584369
1584460
1584461
1584462
1584463
1584464
1584465
1584466
1584467
1584468
1584469
1588610
1588611
1588612
1588613
1588614
1588615
1588616
1588617
1588618
1588619
1590436
1594360
1594361
1594362
1594363
1594364
1594365
1594366
1594367
1594368
1594369
1594460
1594461
1594462
1594463
1594464
1594465
1594466
1594467
1594468
1594469
1594890
1594891
1594892
1594893
1594894
1860436
1864304
1864305
1880436
1884360
1884361
1884362
1884363
1884364
1884365
1884366
1884367
1884368
1884369
1890436
1890446
1894345
1894346
1894378
1894379