1300907
1302907
1303907
1303938
1303939
1304032
1304039
1304439
1308938
1308939
1310439
1312439
1312579
1313439
1314439
1315969
1315979
1317907
1317917
1318070
1318071
1318072
1319619
1320439
1320449
1321439
1322439
1322449
1323439
1324439
1325189
1325269
1325889
1327439
1327811
1327829
1329439
1329881
1330449
1332149
1332159
1332439
1332449
1333149
1333159
1335159
1335439
1336439
1336449
1338439
1339439
1350093
1351439
1359670
1359671
1359672
1359673
1359674
1359675
1359676
1359677
1359678
1359679
1360449
1361439
1361449
1362439
1363073
1363079
1363439
1363449
1364439
1364449
1366439
1366449
1367439
1367449
1370439
1370449
1374390
1374391
1374392
1374393
1374394
1374395
1374396
1374397
1374398
1374399
1380449
1384390
1384391
1384392
1384393
1384394
1384395
1384396
1384397
1384398
1384399
1389400
1389401
1389402
1389403
1389404
1389405
1389406
1389407
1389408
1389409
1389473
1390449
1394314
1394342
1394390
1394391
1394392
1394393
1394394
1394395
1394396
1394397
1394398
1394399
1500439
1504390
1504391
1504392
1504393
1504394
1504395
1504396
1504397
1504398
1504399
1510439
1514390
1514391
1514392
1514393
1514394
1514395
1514396
1514397
1514398
1514399
1520439
1530439
1552692
1552693
1552696
1560439
1564397
1564398
1564399
1566292
1566293
1566294
1566295
1566296
1566297
1566298
1566299
1569439
1580439
1584390
1584391
1584392
1584393
1584394
1584395
1584396
1584397
1584398
1584399
1584490
1584491
1584492
1584493
1584494
1584495
1584496
1584497
1584498
1584499
1590439
1594390
1594391
1594392
1594393
1594394
1594395
1594396
1594397
1594398
1594399
1594490
1594491
1594492
1594493
1594494
1594495
1594496
1594497
1594498
1594499
1860439
1880439
1884390
1884391
1884392
1884393
1884394
1884395
1884396
1884397
1884398
1884399
1890439
1890449
1894349
1894376
1894388