1300737
1301613
1301614
1301615
1301737
1302737
1303737
1304727
1305409
1305410
1305509
1305510
1308057
1308058
1308059
1308727
1308737
1310037
1310707
1310717
1310727
1310737
1311737
1311747
1311757
1313507
1313516
1313517
1313537
1314154
1314155
1317037
1318737
1320365
1320366
1320367
1320368
1320369
1320737
1321737
1323737
1325737
1325747
1327215
1327216
1327217
1327218
1327219
1329737
1329862
1330737
1331737
1332727
1332737
1333257
1333727
1333737
1334137
1334257
1334727
1334737
1334877
1335737
1336587
1336737
1337807
1338737
1339737
1339757
1340737
1346737
1346787
1346940
1346941
1348737
1348767
1348768
1348769
1348780
1348781
1348782
1350737
1350840
1350845
1351110
1351111
1351112
1351113
1351737
1354970
1354971
1354972
1354973
1354974
1354975
1354976
1354977
1357470
1357471
1357472
1357473
1357474
1360737
1361737
1362737
1363737
1363847
1364737
1365737
1366749
1370737
1376270
1376271
1376272
1376273
1378670
1378671
1378672
1378673
1378674
1378675
1378676
1378677
1378678
1378679
1378737
1378747
1380737
1387370
1387371
1387372
1387373
1387374
1387375
1387376
1387377
1387378
1387379
1387430
1387431
1387432
1387433
1387434
1387530
1387531
1387532
1387533
1387534
1387535
1387536
1387537
1387538
1387539
1390737
1397367
1397368
1397369
1397370
1397371
1397372
1397373
1397374
1397375
1397376
1397377
1397378
1397379
1500737
1507370
1507371
1507372
1507373
1507374
1507375
1507376
1507377
1507378
1507379
1508070
1508071
1508072
1508073
1508074
1510737
1511670
1511671
1511672
1511673
1511674
1511675
1511676
1511677
1511678
1511679
1517370
1517371
1517372
1517373
1517374
1517375
1517376
1517377
1517378
1517379
1519770
1519771
1519772
1519773
1519774
1519775
1519776
1519777
1519778
1519779
1520737
1524370
1524371
1524372
1524373
1524374
1524375
1524376
1524377
1524378
1524379
1527370
1527371
1527372
1527373
1527374
1527375
1527376
1527377
1527378
1527379
1527470
1527471
1527472
1527473
1527474
1527475
1527476
1527477
1527478
1527479
1529205
1529206
1529207
1529208
1529209
1530737
1534737
1534837
1552630
1552631
1552632
1552633
1552634
1552635
1552636
1552637
1552638
1552639
1557370
1557371
1557372
1557373
1557374
1557375
1557376
1557377
1557378
1557379
1557620
1557621
1557622
1557623
1557624
1557625
1557626
1557627
1557628
1557629
1557680
1557681
1557682
1557683
1557684
1560737
1561675
1561676
1561677
1561678
1561679
1561680
1561681
1567367
1567368
1567369
1567370
1567371
1567372
1567373
1567374
1567375
1567376
1567377
1567378
1567379
1569737
1580737
1586975
1586976
1586977
1586978
1586979
1587370
1587371
1587372
1587373
1587374
1589737
1589840
1589841
1589842
1589843
1589844
1589845
1589846
1589847
1589848
1589849
1590737
1597307
1597370
1597371
1597372
1597373
1597374
1597375
1597376
1597377
1597378
1597379
1860737
1860847
1867347
1880737
1887370
1887371
1887372
1887373
1887374
1887375
1887376
1887377
1887378
1887379
1890737
1897370
1897371
1897372
1897373
1897374
1897375
1897376
1897377
1897378
1897379
1897536
1897537
1897538