1300822
1300823
1300825
1301994
1301995
1301996
1302822
1302823
1302825
1303076
1303077
1304386
1304387
1305085
1305086
1305087
1305088
1305089
1306525
1306526
1306527
1306528
1306529
1308222
1308223
1310427
1313088
1313090
1313091
1313092
1313093
1313094
1313427
1314798
1315427
1315428
1318855
1318856
1318857
1318858
1318859
1319030
1319031
1319032
1319033
1319034
1319427
1320427
1321427
1322427
1323427
1323428
1323677
1323678
1323823
1323896
1327427
1328427
1330427
1330987
1331427
1332237
1332238
1332425
1332427
1333237
1333238
1334237
1334238
1335237
1335238
1335427
1335890
1335891
1336425
1336427
1337281
1337291
1338427
1338680
1338681
1339027
1339038
1339041
1339427
1347018
1347019
1350427
1351427
1360423
1360427
1360493
1361087
1361097
1361427
1362427
1362496
1370007
1370423
1370427
1370987
1374271
1374272
1374273
1374274
1374275
1374276
1374277
1374278
1379504
1379505
1379506
1380427
1384270
1384271
1384272
1384273
1384274
1384275
1384276
1384277
1384278
1384279
1389870
1389871
1389872
1389873
1390427
1390987
1394270
1394271
1394272
1394273
1394274
1394275
1394276
1394277
1394278
1394279
1399870
1399871
1399872
1399873
1399874
1399875
1399876
1399877
1399878
1399879
1500427
1504230
1504231
1504275
1504276
1504277
1504278
1504279
1510427
1510428
1512427
1512428
1513426
1513427
1514270
1514271
1514272
1514273
1514274
1514275
1514276
1514277
1514278
1514279
1518425
1518426
1518427
1518428
1520425
1520426
1520427
1520428
1520429
1524172
1524173
1524174
1524175
1524176
1524275
1524276
1524277
1524278
1524279
1530427
1530498
1532628
1533098
1554133
1554134
1554135
1554136
1554137
1554138
1554139
1554140
1554279
1560427
1560987
1564270
1564271
1564272
1564273
1564274
1564275
1564276
1564277
1564278
1564279
1566388
1566389
1566390
1566391
1566392
1566393
1569427
1569877
1569878
1580427
1584270
1584271
1584272
1584273
1584274
1584275
1584276
1584277
1584278
1584279
1590427
1590490
1590493
1590987
1594270
1594271
1594272
1594273
1594274
1594275
1594276
1594277
1594278
1594279
1860427
1860987
1880427
1884270
1884271
1884272
1884273
1884274
1884275
1884276
1884277
1884278
1884279
1890427
1890987
1894173
1894174
1894175