1300790
1300791
1301420
1301421
1303790
1303791
1307952
1307956
1309952
1309956
1313952
1313956
1319502
1319506
1320952
1320956
1320962
1320966
1323952
1323956
1325952
1325962
1328952
1329952
1330952
1330956
1332352
1332356
1336952
1336956
1338952
1340952
1340956
1346952
1346956
1346962
1346966
1351922
1351926
1351952
1351956
1361952
1361956
1362956
1363952
1363956
1370952
1370956
1372332
1372336
1389502
1389506
1389512
1389516
1389532
1389536
1389542
1389546
1390952
1390956
1399502
1399506
1399512
1399516
1399522
1399526
1399532
1399536
1399542
1399546
1500862
1500866
1500952
1500962
1510952
1510962
1510966
1512182
1512186
1512192
1512196
1520262
1520266
1520952
1520956
1520962
1520966
1522622
1522626
1529692
1530952
1534952
1534956
1560952
1569502
1569506
1580952
1580962
1582532
1582536
1590952
1590962
1590966
1860952
1880952
1880956
1889502
1890952
1899520
1899521
1899522
1899523
1899524
1899525
1899526
1899527
1899528
1899529