1300149
1300180
1300188
1300189
1301018
1301155
1301156
1301157
1301158
1301159
1301214
1301215
1301216
1301323
1301433
1301434
1301435
1301436
1301437
1301438
1301439
1302084
1302085
1302086
1302149
1302180
1302188
1302189
1302860
1302861
1302862
1302863
1302864
1302865
1302866
1302867
1302868
1302869
1303144
1303260
1303261
1303262
1303263
1303264
1303265
1303266
1303267
1303268
1303269
1303588
1304311
1304878
1304879
1306875
1306876
1306877
1306879
1307310
1307311
1307312
1307313
1307314
1307315
1307316
1307317
1307318
1307319
1308041
1308046
1308100
1308101
1308102
1308103
1308104
1308105
1308106
1308107
1308108
1308109
1308110
1308111
1308112
1309100
1309101
1309102
1309103
1309109
1310280
1310281
1310282
1310283
1310284
1310285
1310286
1310287
1310288
1310289
1310301
1310311
1310321
1310331
1310650
1310651
1310652
1310653
1310655
1310656
1311150
1311151
1311152
1311153
1311154
1311155
1311156
1311157
1311158
1311159
1311303
1311388
1311389
1312610
1312611
1312612
1312613
1312614
1312615
1312616
1312618
1312619
1313110
1313111
1313112
1313113
1313114
1313115
1313116
1313117
1313118
1313119
1313808
1313819
1314301
1314302
1314304
1314348
1314349
1314363
1314364
1314740
1314741
1314742
1314743
1314744
1314745
1314746
1314747
1314748
1314749
1314863
1314940
1314941
1314942
1314943
1314944
1314945
1314946
1314947
1314948
1314949
1316554
1316558
1317155
1317156
1317157
1317158
1317159
1317180
1317188
1317189
1318004
1318005
1318006
1318007
1318008
1318009
1318044
1318045
1318046
1318047
1318048
1318049
1318058
1318474
1318477
1318979
1319184
1319185
1319186
1319187
1319188
1322340
1322341
1322342
1322343
1322344
1322345
1322346
1322347
1322348
1322349
1322635
1322911
1323010
1323011
1323012
1323013
1323014
1323015
1323016
1323017
1323018
1323019
1323040
1323041
1323042
1323043
1323044
1323045
1323046
1323047
1323048
1323049
1323110
1323111
1323112
1323113
1323114
1323115
1323116
1323117
1323118
1323119
1324657
1324933
1324934
1324935
1325042
1325755
1326690
1326691
1326783
1326784
1327310
1327311
1327312
1327313
1327314
1327315
1327316
1327317
1327318
1327319
1327340
1327341
1327342
1327343
1327344
1328440
1328441
1328442
1328443
1328444
1328445
1328446
1328447
1328448
1328449
1328871
1328874
1329041
1329044
1329051
1329056
1329061
1329280
1329281
1329282
1329283
1329284
1329285
1329286
1329287
1329288
1329289
1330301
1330303
1330304
1330311
1330321
1330323
1330329
1330331
1331301
1331303
1331304
1331311
1331321
1331331
1331510
1331511
1331512
1331513
1331514
1331515
1331516
1331517
1331518
1331519
1331545
1331546
1331547
1331548
1331549
1331595
1331596
1331597
1331598
1331599
1332301
1332304
1332311
1332321
1333134
1333135
1333136
1333137
1333138
1333139
1333301
1333304
1333311
1333321
1333337
1333338
1334301
1334303
1334304
1334311
1334321
1334323
1334324
1334331
1336311
1336380
1336381
1336382
1336383
1336384
1336385
1336386
1336387
1336388
1336389
1337301
1337304
1337311
1337321
1337331
1337334
1337341
1337351
1338301
1338303
1338304
1338311
1338321
1338323
1338329
1338331
1338361
1339301
1339303
1339304
1339311
1339321
1339323
1339331
1339861
1340011
1340021
1340031
1340041
1340248
1340249
1340311
1340321
1340331
1345147
1345148
1345149
1346311
1346341
1346380
1346381
1346385
1346386
1346387
1346388
1346389
1346395
1346396
1346397
1346398
1346399
1347204
1347205
1347210
1347211
1347212
1347213
1347214
1347215
1347216
1347217
1347218
1347219
1347311
1347335
1347337
1347338
1347339
1347340
1347341
1347343
1347345
1347348
1347374
1347375
1347376
1347377
1347378
1347379
1347385
1347386
1347387
1347388
1347394
1347395
1347396
1347397
1347398
1347399
1348310
1348311
1348312
1348313
1348314
1348315
1348316
1348317
1348318
1348319
1348342
1348343
1348366
1348367
1348368
1348369
1350311
1350320
1350321
1350329
1350331
1350333
1351311
1351321
1351331
1351337
1351338
1358200
1358201
1358202
1358203
1358204
1358210
1358211
1358212
1358213
1358214
1358215
1358216
1358217
1358218
1358219
1358231
1358232
1358233
1358234
1358235
1358236
1358261
1358281
1360311
1360321
1360331
1360339
1361311
1361321
1361328
1361330
1361331
1362311
1362321
1362330
1362331
1363081
1363082
1363083
1363311
1363321
1363331
1364311
1364321
1364330
1364331
1364338
1365311
1365321
1365331
1365338
1366311
1366321
1367311
1367313
1367316
1367318
1367321
1367323
1370031
1370311
1370321
1370329
1370331
1370339
1372244
1372245
1372278
1372279
1372284
1372285
1372286
1372287
1372288
1372289
1372298
1372299
1373010
1373011
1373012
1373042
1373107
1373108
1373109
1373110
1373111
1373112
1373113
1373114
1373115
1373116
1373117
1373118
1373119
1373145
1373146
1373321
1373328
1373331
1373970
1373971
1373972
1373973
1373974
1373975
1373976
1373977
1373978
1373979
1374133
1375441
1375451
1378020
1378021
1378030
1378031
1378040
1378041
1378051
1378402
1378403
1378429
1378430
1378431
1378432
1378433
1378434
1378435
1378436
1378437
1378438
1378439
1378440
1378441
1378510
1378511
1378512
1378513
1378514
1378515
1378516
1378517
1378518
1378519
1378520
1378541
1378542
1380311
1380321
1380333
1380334
1380336
1380337
1380339
1383110
1383111
1383112
1383113
1383114
1383115
1383116
1383117
1383118
1383119
1383210
1383211
1383212
1383213
1383214
1383215
1383216
1383217
1383218
1383219
1383230
1383231
1383232
1383233
1383234
1383235
1383236
1383237
1383238
1383239
1383310
1383311
1383312
1383313
1383314
1383315
1383316
1383317
1383318
1383319
1383338
1383339
1383345
1383346
1383347
1390311
1390321
1390331
1390339
1393010
1393011
1393012
1393013
1393014
1393015
1393016
1393017
1393018
1393019
1393040
1393041
1393042
1393043
1393044
1393045
1393046
1393047
1393048
1393049
1393110
1393111
1393112
1393113
1393114
1393115
1393116
1393117
1393118
1393119
1393184
1393185
1393186
1393187
1393188
1393189
1393197
1393198
1393199
1393210
1393211
1393212
1393213
1393214
1393215
1393216
1393217
1393218
1393219
1393300
1393301
1393302
1393303
1393304
1393305
1393306
1393307
1393308
1393309
1393310
1393311
1393312
1393313
1393314
1393315
1393316
1393317
1393318
1393319
1393380
1393381
1393382
1393383
1393384
1393385
1393386
1393387
1393388
1500311
1500321
1500331
1502740
1502741
1502742
1502743
1502744
1502770
1502771
1502772
1502773
1502774
1502775
1502776
1502777
1502778
1502779
1502810
1502811
1502812
1502813
1502814
1502815
1502816
1502817
1502818
1502819
1503010
1503011
1503012
1503013
1503014
1503015
1503016
1503017
1503018
1503019
1503110
1503111
1503112
1503113
1503114
1503115
1503116
1503117
1503118
1503119
1503147
1503148
1503149
1503204
1503205
1503206
1503207
1503208
1503209
1503210
1503211
1503212
1503213
1503214
1503215
1503216
1503217
1503218
1503219
1503234
1503260
1503261
1503262
1503263
1503264
1503265
1503266
1503267
1503268
1503269
1503270
1503271
1503272
1503273
1503274
1503275
1503276
1503277
1503278
1503279
1503280
1503281
1503282
1503283
1503284
1503285
1503286
1503311
1503341
1503342
1503343
1503344
1507510
1507511
1507512
1507513
1507514
1507515
1507516
1507517
1507518
1507519
1507541
1507610
1507611
1507612
1507613
1507614
1507615
1507616
1507617
1507618
1507619
1507630
1507631
1507632
1507633
1507640
1507641
1508110
1508111
1508112
1508113
1508114
1508115
1508116
1508117
1508118
1508119
1508141
1508144
1508180
1508181
1508182
1508183
1508184
1508185
1508186
1508187
1508188
1508189
1509730
1509731
1509732
1509733
1509734
1509735
1509736
1509737
1509738
1509739
1509746
1509747
1509748
1510010
1510011
1510012
1510013
1510014
1510015
1510016
1510017
1510018
1510019
1510031
1510311
1510321
1510331
1512707
1512708
1512709
1512710
1512711
1512712
1512713
1512714
1512715
1512716
1512717
1512718
1512719
1512810
1512811
1512812
1512813
1512814
1512815
1512816
1512817
1512818
1512819
1513005
1513006
1513007
1513008
1513009
1513010
1513011
1513012
1513013
1513014
1513015
1513016
1513017
1513018
1513019
1513020
1513060
1513061
1513062
1513063
1513064
1513065
1513066
1513067
1513068
1513069
1513070
1513110
1513111
1513112
1513113
1513114
1513115
1513116
1513117
1513118
1513119
1513140
1513141
1513142
1513143
1513144
1513145
1513146
1513147
1513149
1513161
1513162
1513163
1513164
1513165
1513166
1513167
1513210
1513211
1513212
1513213
1513214
1513215
1513216
1513217
1513218
1513219
1513247
1513248
1513249
1513310
1513311
1513312
1513313
1513314
1513315
1513316
1513317
1513318
1513319
1513347
1513348
1513349
1517510
1517511
1517512
1517513
1517514
1517515
1517516
1517517
1517518
1517519
1517577
1517578
1517579
1517610
1517611
1517612
1517613
1517614
1517615
1517616
1517617
1517618
1517619
1517640
1517641
1517642
1517643
1517644
1517645
1517646
1517647
1517648
1517649
1517681
1517682
1517683
1517684
1517685
1517686
1517687
1517688
1517689
1517690
1517691
1517692
1517693
1517694
1517695
1517696
1517697
1517698
1517699
1519482
1519483
1519484
1519485
1519486
1520000
1520001
1520002
1520003
1520004
1520311
1520321
1520331
1522650
1522651
1522652
1522653
1522654
1522655
1522656
1522657
1522658
1522659
1522710
1522711
1522712
1522713
1522714
1522715
1522716
1522717
1522718
1522719
1522780
1522781
1522782
1522783
1522784
1522785
1522786
1522787
1522788
1523010
1523011
1523012
1523013
1523014
1523015
1523016
1523017
1523018
1523019
1523080
1523081
1523082
1523083
1523084
1523085
1523086
1523110
1523111
1523112
1523113
1523114
1523115
1523116
1523117
1523118
1523119
1523210
1523211
1523212
1523213
1523214
1523215
1523216
1523217
1523218
1523219
1523311
1523321
1523360
1523361
1523362
1523363
1523364
1523365
1528421
1528431
1528432
1530311
1530321
1530323
1530329
1530331
1533101
1533311
1533321
1533323
1533329
1533331
1534311
1551110
1551111
1551112
1551113
1551114
1551115
1551116
1551117
1551118
1551119
1551130
1551131
1551132
1551133
1551134
1551135
1551136
1551137
1551138
1551139
1551140
1551141
1551142
1551143
1551144
1551145
1551146
1551147
1551148
1551149
1551160
1551161
1551162
1551163
1551164
1551165
1551166
1551167
1551168
1551169
1551180
1551181
1551182
1551183
1551184
1551185
1551186
1551187
1551188
1551189
1551210
1551211
1551212
1551213
1551214
1551215
1551216
1551217
1551218
1551219
1551240
1551241
1551242
1551243
1551244
1551245
1551246
1551247
1553010
1553011
1553012
1553013
1553014
1553015
1553016
1553017
1553018
1553019
1553110
1553111
1553112
1553113
1553114
1553115
1553116
1553117
1553118
1553119
1553210
1553211
1553212
1553213
1553214
1553215
1553216
1553217
1553218
1553219
1553240
1553241
1553242
1553243
1553244
1553245
1553246
1553247
1553248
1553249
1553311
1553336
1553337
1553338
1553339
1553360
1553361
1553362
1553363
1553364
1553365
1553366
1553367
1553368
1553369
1553390
1553391
1553392
1553393
1553394
1553395
1553396
1553397
1553398
1553399
1554450
1554451
1554452
1554453
1554454
1554455
1554456
1554457
1554458
1554459
1558000
1560311
1561210
1561211
1561212
1561213
1561214
1561215
1561216
1561217
1561218
1561219
1561310
1561311
1561312
1561313
1561314
1561315
1561316
1561317
1561318
1561319
1561330
1561331
1561332
1561333
1561334
1561335
1561336
1561337
1561338
1561339
1561410
1561411
1561412
1561413
1561414
1561415
1561416
1561417
1561418
1561419
1561430
1561431
1561432
1561433
1561434
1561435
1561436
1561437
1561438
1561439
1563010
1563011
1563012
1563013
1563014
1563015
1563016
1563017
1563018
1563019
1563040
1563041
1563042
1563043
1563044
1563045
1563046
1563047
1563048
1563049
1563110
1563111
1563112
1563113
1563114
1563115
1563116
1563117
1563118
1563119
1563210
1563211
1563212
1563213
1563214
1563215
1563216
1563217
1563218
1563219
1563230
1563231
1563232
1563233
1563234
1563235
1563236
1563237
1563238
1563239
1563300
1563301
1563302
1563303
1563304
1563305
1563306
1563307
1563308
1563309
1563311
1563350
1563351
1563352
1563353
1563354
1563355
1563356
1563357
1563358
1563359
1563365
1563366
1563367
1563368
1563369
1563380
1563381
1563382
1563383
1563384
1563385
1563386
1563387
1563388
1563389
1569011
1569030
1569031
1569032
1569033
1569034
1569035
1569036
1569041
1569486
1569487
1569488
1569489
1571030
1571031
1571032
1571033
1571034
1571035
1571036
1571037
1571038
1571039
1580311
1580321
1580331
1583010
1583011
1583012
1583013
1583014
1583015
1583016
1583017
1583018
1583019
1583041
1583063
1583064
1583065
1583066
1583067
1583068
1583069
1583096
1583097
1583098
1583099
1583110
1583111
1583112
1583113
1583114
1583115
1583116
1583117
1583118
1583119
1583144
1583192
1583193
1583194
1583195
1583196
1583197
1583198
1583199
1583210
1583211
1583212
1583213
1583214
1583215
1583216
1583217
1583218
1583219
1583247
1583248
1583249
1583311
1583321
1583331
1583390
1583391
1583392
1583393
1583394
1583395
1583396
1583397
1583398
1583399
1590311
1590321
1590331
1593010
1593011
1593012
1593013
1593014
1593015
1593016
1593017
1593018
1593019
1593041
1593042
1593081
1593088
1593105
1593106
1593107
1593108
1593109
1593110
1593111
1593112
1593113
1593114
1593115
1593116
1593117
1593118
1593119
1593139
1593141
1593142
1593144
1593167
1593168
1593169
1593201
1593211
1593214
1593221
1593247
1593248
1593249
1593265
1593266
1593267
1593268
1593269
1593301
1593311
1593321
1593331
1593360
1593361
1593362
1593399
1860311
1860321
1860326
1860327
1860328
1860329
1860331
1863110
1863111
1863112
1863113
1863114
1863115
1863116
1863117
1863118
1863119
1880311
1880321
1880331
1883110
1883111
1883112
1883113
1883114
1883115
1883116
1883117
1883118
1883119
1883210
1883211
1883212
1883213
1883214
1883215
1883216
1883217
1883218
1883219
1883310
1883311
1883312
1883313
1883314
1883315
1883316
1883317
1883318
1883319
1890311
1890321
1890331
1890339
1893110
1893111
1893112
1893113
1893114
1893115
1893116
1893117
1893118
1893119
1893184
1893185
1893186
1893187
1893188
1893189
1893197
1893198
1893199