1302961
1303132
1303133
1304054
1307009
1309404
1309509
1311993
1313993
1315040
1317993
1319993
1320109
1323903
1323993
1327993
1328993
1330993
1331993
1332566
1334546
1336497
1336498
1336981
1336993
1339493
1339993
1351992
1351993
1356554
1356555
1356573
1357945
1357974
1357975
1357976
1357977
1364999
1367753
1367754
1367755
1367756
1370993
1377920
1377921
1377935
1377959
1377970
1389950
1389951
1389952
1389953
1390993
1399932
1399933
1399953
1399973
1500161
1500162
1500163
1500164
1500993
1502622
1502623
1502624
1510993
1519938
1519957
1519958
1519959
1520993
1527630
1527631
1527648
1529943
1529990
1529991
1529992
1529993
1529994
1529995
1529996
1520993
1527630
1527631
1527648
1529943
1529990
1529991
1529992
1529993
1529994
1529995
1529996
1530993
1560993
1569932
1569933
1580993
1588693
1589929
1590993
1598170
1599929
1860993
1880993
1889961
1890993
1899773
1899788
1899789
1899932
1899933
1899953
1899973