1300860
1300861
1301340
1301341
1303590
1303591
1308745
1309434
1309526
1309742
1309743
1309980
1309981
1310860
1310861
1310873
1311697
1311873
1315059
1315060
1315061
1315062
1317067
1317068
1318794
1318795
1318796
1320873
1321191
1323873
1329498
1329499
1330873
1331266
1331267
1332040
1332492
1332493
1333040
1336873
1337873
1338873
1339873
1340890
1340891
1340892
1340893
1340894
1340895
1340896
1340897
1340898
1340899
1346625
1346626
1346627
1346628
1346629
1350873
1350883
1352946
1352947
1352948
1352949
1352966
1352967
1352968
1352973
1352980
1352981
1352982
1352983
1352984
1352991
1352993
1352994
1352995
1352996
1357730
1357731
1357732
1357733
1357734
1360873
1360883
1361873
1361885
1361943
1362873
1364873
1364960
1364961
1364962
1364963
1364964
1365873
1370863
1376930
1376931
1376932
1376933
1376934
1376935
1376936
1376937
1376938
1376939
1376940
1376941
1376942
1376943
1376944
1376945
1376946
1376947
1376948
1376949
1380877
1388730
1388731
1388732
1388733
1388734
1388735
1388736
1388737
1388738
1388739
1388755
1388756
1388757
1388758
1388759
1390873
1398730
1398731
1398732
1398733
1398734
1398735
1398736
1398737
1398738
1398739
1398800
1398801
1398802
1398803
1398804
1398805
1398806
1398807
1398808
1398809
1502520
1502521
1508730
1508731
1508732
1508733
1508734
1508735
1508736
1508737
1508738
1508739
1509410
1509411
1509412
1509413
1509414
1509415
1509416
1509417
1509418
1509419
1509685
1509686
1509687
1509688
1509689
1512610
1512611
1512612
1512613
1512614
1512615
1512616
1512617
1512618
1512619
1512620
1512621
1512622
1512623
1512624
1512625
1512626
1512627
1512628
1512629
1512630
1512631
1512632
1512633
1512634
1512635
1512636
1512637
1512638
1512639
1512640
1512641
1512642
1512643
1512644
1515490
1515491
1515492
1515493
1515494
1515495
1515496
1515497
1515498
1515499
1518730
1518731
1518732
1518733
1518734
1518735
1518736
1518737
1518738
1518739
1520873
1528730
1528731
1528732
1528733
1528734
1528735
1528736
1528737
1528738
1528739
1530873
1533145
1533146
1533147
1533436
1533437
1533438
1534873
1560873
1567043
1567044
1567045
1568730
1568731
1568732
1568733
1568734
1568735
1568736
1569703
1580867
1580868
1580873
1582518
1582519
1582520
1582521
1582522
1582523
1582524
1588770
1588771
1588772
1588773
1588774
1590873
1591130
1591131
1591132
1591133
1591134
1591135
1591136
1591137
1591138
1591139
1591188
1591280
1591281
1591282
1591283
1591284
1591285
1591286
1591287
1591288
1591289
1592460
1592461
1592462
1592463
1592530
1592531
1860873
1860884
1880873
1888730
1888731
1888732
1888733
1888734
1888735
1888736
1888737
1888738
1888739
1890873
1898730