1300991
1300992
1302991
1302992
1303994
1303995
1304528
1304529
1305425
1305439
1306977
1306996
1308993
1308994
1308995
1308996
1308997
1309153
1309154
1309155
1309156
1310155
1310455
1311455
1311465
1311565
1312455
1312595
1312596
1313455
1313691
1313692
1314455
1314955
1315455
1316347
1316348
1316357
1316358
1316359
1316363
1316364
1316365
1319455
1319900
1319901
1319902
1319903
1320455
1320690
1320691
1320692
1321285
1321455
1321465
1322455
1322465
1323455
1325155
1325165
1325857
1325858
1327455
1327456
1328404
1328405
1328455
1328495
1329875
1330455
1330485
1331455
1332935
1332945
1333935
1333945
1334935
1334945
1335115
1335125
1335135
1335145
1335255
1335455
1335991
1335992
1338455
1339455
1350455
1355530
1355531
1355532
1355533
1355534
1355535
1355536
1355537
1355538
1355539
1360455
1360485
1361455
1362455
1363455
1364455
1364465
1366455
1366465
1367455
1370455
1374550
1374551
1374552
1374553
1374554
1374555
1374556
1374557
1374558
1374559
1374583
1374584
1374586
1374661
1374662
1374663
1374664
1376371
1376372
1376373
1376374
1376375
1376376
1376377
1376378
1376379
1376676
1379654
1379655
1379656
1379657
1379658
1379697
1380486
1383640
1383641
1383642
1383643
1383644
1383645
1383646
1383647
1383648
1383649
1384550
1384551
1384552
1384553
1384554
1384555
1384556
1384557
1384558
1384559
1384670
1384671
1384672
1384673
1384674
1384675
1384676
1384677
1384678
1384679
1390455
1390485
1394550
1394551
1394552
1394553
1394554
1394555
1394556
1500455
1504550
1504551
1504552
1504553
1504554
1504555
1504556
1504557
1504650
1504651
1504652
1504653
1504654
1504655
1504656
1504657
1504658
1504659
1504660
1504661
1504662
1504663
1504664
1513469
1514550
1514551
1514552
1514553
1514554
1514555
1514556
1514557
1514558
1514559
1514570
1514571
1514572
1514573
1514574
1514575
1514576
1514577
1514650
1514651
1514652
1514653
1514654
1514655
1514656
1514657
1514658
1514659
1518450
1518451
1518452
1518453
1518454
1518455
1518456
1518457
1518458
1518459
1520455
1521450
1521451
1521452
1521455
1524550
1524551
1524552
1524553
1524554
1524555
1524556
1524557
1524558
1524559
1524620
1524621
1524650
1524651
1524652
1524653
1524654
1524655
1524656
1524657
1524658
1524659
1530455
1530485
1532655
1533192
1533195
1534455
1534465
1554550
1554551
1554552
1554553
1554555
1554654
1554655
1554656
1554657
1559098
1559099
1560455
1560465
1560485
1563650
1563651
1563652
1563653
1563654
1563655
1563656
1563657
1563660
1563661
1563662
1563663
1563664
1563684
1563690
1563691
1563692
1563693
1563694
1564550
1564551
1564552
1564553
1564554
1564555
1564556
1567279
1567281
1567282
1567296
1569455
1580455
1584505
1584506
1584507
1584508
1584509
1584550
1584551
1584552
1584553
1584554
1584555
1584556
1584557
1584558
1584559
1584664
1584665
1584666
1584667
1584668
1590455
1594550
1594551
1594552
1594553
1594554
1594555
1594556
1594557
1594558
1594559
1594610
1594611
1594612
1594613
1594614
1594615
1594616
1594617
1594618
1594619
1860455
1860465
1880455
1884550
1890455
1890485
1894534
1894535
1894536
1894548
1894550
1894551
1894552
1894553
1894554
1894555
1894556