1300648
1300649
1301813
1301814
1302648
1302649
1303563
1303564
1303565
1303566
1303567
1303568
1303569
1306017
1306018
1306019
1308448
1308449
1308640
1308641
1308810
1308811
1308825
1308826
1308827
1309604
1309612
1309617
1309623
1309648
1309649
1310810
1310811
1310814
1310815
1310816
1310819
1311816
1311817
1311818
1311819
1315444
1315445
1315446
1315845
1315886
1315887
1315888
1315889
1318343
1318377
1318378
1318379
1319482
1319483
1319807
1319808
1319809
1319866
1319867
1319868
1320826
1320827
1320828
1320829
1321948
1321993
1321994
1321995
1321996
1321997
1321998
1321999
1322823
1322824
1322839
1325842
1325843
1325844
1325845
1328140
1328150
1328151
1328152
1328153
1328154
1328155
1328156
1328157
1328158
1328159
1330811
1330901
1332088
1332089
1332090
1333088
1333089
1333090
1334088
1334089
1334090
1335000
1335001
1335002
1335094
1335095
1335096
1335097
1335098
1335099
1337815
1337816
1338810
1338811
1339835
1339836
1339837
1339838
1339839
1339849
1340233
1340234
1340235
1340236
1340237
1340238
1340239
1340400
1340401
1340810
1340811
1340816
1343840
1344000
1345800
1345801
1345802
1345803
1345804
1345805
1345806
1345807
1345808
1345809
1345830
1345831
1345832
1345843
1345844
1350810
1350811
1350812
1351830
1351831
1354172
1354173
1354174
1354175
1354176
1354710
1354711
1354712
1354713
1354714
1354841
1354842
1354843
1354844
1355080
1355081
1355082
1355083
1355084
1355085
1355086
1355899
1356826
1356827
1356842
1356843
1360811
1360812
1361811
1362808
1362811
1364811
1365811
1365812
1365813
1365902
1366832
1366833
1367823
1368967
1368968
1368969
1369625
1369626
1369627
1369628
1369629
1369812
1369813
1369960
1369961
1369962
1369963
1370096
1370811
1370812
1373070
1373071
1377800
1377801
1377802
1377803
1377804
1377805
1377806
1377807
1377808
1377809
1377810
1377811
1377812
1377813
1377814
1377815
1377816
1377817
1379576
1379577
1379595
1380811
1388110
1388111
1388112
1388113
1388114
1388115
1388116
1388117
1388118
1388119
1389010
1389011
1389012
1389013
1389014
1389015
1389016
1389017
1389018
1389019
1389045
1389046
1390811
1390901
1398012
1398013
1398014
1398110
1398111
1398112
1398113
1398114
1398115
1398116
1398117
1398118
1398119
1398927
1398928
1398929
1399010
1399011
1399012
1399013
1399014
1399015
1399016
1399017
1399018
1399019
1500815
1500816
1500817
1500818
1500819
1508215
1508216
1508217
1508218
1508219
1518144
1518145
1518160
1518161
1518162
1518163
1518164
1518165
1518166
1518167
1518168
1518169
1518230
1518231
1518232
1518233
1518234
1518235
1518236
1518237
1518238
1518239
1518240
1518241
1518242
1518243
1518244
1518245
1518246
1518247
1518248
1518249
1519622
1519623
1519624
1519625
1519626
1519627
1519628
1519629
1522830
1522831
1522832
1522833
1522834
1522835
1522836
1522837
1522838
1522839
1522840
1522841
1522842
1522843
1522844
1522845
1528090
1528091
1528092
1528093
1528094
1528095
1528096
1528097
1528098
1528099
1528110
1528111
1528112
1528113
1528114
1528115
1528116
1528117
1528118
1528119
1528160
1528161
1528162
1528163
1528164
1528165
1528166
1528167
1528168
1528169
1530811
1530830
1530831
1530832
1530833
1530834
1530901
1532811
1532820
1532821
1532822
1532823
1533135
1552053
1552054
1552055
1552056
1552057
1552058
1552059
1552850
1552851
1552852
1552853
1552854
1552855
1552856
1552857
1552858
1552859
1560811
1560825
1560826
1560901
1567680
1567681
1567682
1567683
1567684
1567685
1567686
1567687
1567688
1567689
1568012
1568013
1568014
1568110
1568111
1568112
1568113
1568114
1568115
1568116
1568117
1568118
1568119
1568120
1568121
1568122
1568123
1568124
1568190
1568191
1568192
1568193
1568194
1568195
1568196
1568197
1568198
1568199
1569294
1569295
1580816
1588142
1588143
1588160
1588161
1588162
1588163
1588164
1588165
1588166
1588167
1588168
1588169
1588277
1588278
1588279
1588280
1588281
1588282
1588283
1588284
1588285
1588286
1588287
1588288
1588289
1588374
1588375
1588376
1588377
1588378
1588379
1588460
1588461
1588462
1588463
1588464
1588465
1588466
1588467
1588468
1588469
1589249
1589259
1589260
1589261
1589262
1589263
1589264
1589265
1589266
1589267
1590820
1590821
1590822
1590823
1590824
1592820
1592821
1598295
1598296
1598360
1598361
1598362
1598363
1598364
1598365
1598366
1598367
1598368
1598369
1598440
1598441
1598460
1598461
1598462
1598463
1598464
1598465
1598466
1598467
1598468
1598469
1860808
1860809
1860814
1860815
1860816
1880816
1888110
1888111
1888112
1888113
1888114
1888115
1888116
1888117
1888118
1888119
1888160
1888161
1888162
1888163
1888164
1888165
1888166
1888167
1888168
1888169
1890811
1890901
1898012
1898013
1898014
1898110
1898111
1898112
1898113
1898114
1898115
1898116
1898117
1898118
1898119
1898927
1898928
1898929
1899010
1899011
1899012
1899013
1899014
1899015
1899016
1899017
1899018
1899019