1300289
1301818
1303560
1303640
1303641
1303810
1306438
1306439
1308642
1308828
1308829
1308832
1309289
1309600
1309601
1310808
1311808
1311809
1315463
1315464
1315465
1315466
1315467
1315880
1315881
1315882
1318346
1318392
1318393
1319475
1319491
1319820
1319821
1319840
1319876
1319880
1320813
1321963
1321964
1321965
1321966
1330900
1332080
1332081
1333080
1333081
1334080
1334081
1335010
1335011
1335067
1335068
1337832
1338832
1338833
1339812
1339813
1340230
1340231
1340232
1340813
1343850
1343851
1344001
1345835
1345836
1350817
1351846
1354165
1354166
1354167
1354168
1354169
1354738
1354739
1354740
1354741
1355075
1355076
1355890
1355891
1355892
1356832
1356833
1360815
1361902
1362902
1364902
1367822
1368430
1368431
1368432
1369824
1369825
1370095
1370815
1377850
1377851
1377852
1377853
1377854
1377855
1377856
1377857
1377858
1377859
1379555
1379556
1379557
1379558
1379559
1380815
1388140
1388141
1388142
1388143
1388144
1389000
1389001
1389002
1389003
1389004
1389005
1389006
1389007
1389008
1389009
1390900
1398022
1398023
1399000
1399001
1399002
1399003
1399004
1399005
1399006
1399007
1399008
1399009
1500810
1500811
1500812
1500813
1500814
1518130
1518131
1518132
1518133
1518134
1518260
1518261
1518262
1518263
1518264
1519600
1519601
1519602
1519603
1519604
1522860
1522861
1522862
1522863
1522864
1528130
1528131
1528132
1528133
1528134
1528135
1528136
1528137
1528138
1528139
1528480
1528481
1528482
1528483
1528484
1530900
1532835
1532836
1532837
1532838
1532839
1534811
1534812
1560900
1568022
1568023
1568184
1568185
1568186
1569291
1580813
1580820
1580821
1580822
1580823
1580824
1588130
1588131
1588132
1588133
1588134
1589220
1589221
1589222
1589223
1589224
1598315
1598316
1598317
1598318
1598319
1598415
1598416
1598417
1598418
1598419
1860813
1880813
1888200
1888201
1888202
1888203
1888204
1890900
1898022
1898023
1899000
1899001
1899002
1899003
1899004
1899005
1899006
1899007
1899008
1899009