1300262
1300429
1301881
1302262
1305980
1305981
1305982
1305983
1305984
1305985
1305986
1305987
1305988
1305989
1308286
1308287
1309475
1309580
1309581
1310580
1310587
1311580
1311680
1313625
1313626
1313627
1313628
1313629
1313640
1313641
1313642
1313643
1313644
1317580
1317581
1317582
1317583
1317584
1318580
1318677
1318678
1318679
1320580
1321657
1321658
1321659
1321680
1322173
1322174
1322175
1323580
1325580
1327680
1328235
1328236
1328237
1328239
1328580
1329580
1330580
1330680
1332580
1332590
1333580
1334580
1335580
1336240
1336241
1336242
1336280
1336281
1336282
1337259
1337580
1337680
1338580
1338668
1338669
1338844
1339580
1339680
1345405
1345406
1345407
1345408
1345409
1350580
1350660
1350680
1351580
1356765
1356766
1356767
1356768
1356769
1357560
1357561
1357562
1357563
1358704
1358705
1358706
1358707
1358708
1358709
1361580
1361680
1364580
1364650
1364680
1365580
1365680
1365682
1366580
1366581
1366658
1366659
1366670
1366671
1367580
1370580
1370680
1373252
1373253
1373500
1373501
1373502
1373503
1373504
1375071
1375072
1375800
1375801
1375802
1375803
1375804
1375805
1385720
1385721
1385722
1385723
1386720
1386721
1386722
1386723
1386820
1386821
1386822
1386823
1386824
1388430
1388431
1390580
1390680
1395720
1395721
1395722
1395723
1396720
1396721
1396722
1396723
1500580
1506800
1506801
1508887
1508888
1508889
1510580
1515798
1515799
1516805
1516806
1516807
1516808
1516809
1520580
1525706
1525707
1525708
1526800
1526801
1526802
1526803
1526804
1530580
1530680
1532510
1532511
1532543
1532544
1532545
1532580
1533680
1533681
1533682
1533683
1533684
1533770
1534580
1560580
1560680
1565708
1565709
1569580
1580580
1585805
1585806
1585807
1585808
1585809
1590580
1590680
1592400
1592401
1592402
1592403
1592404
1595705
1595706
1595707
1595708
1595709
1595805
1595806
1595807
1595808
1595809
1860580
1860680
1880580
1880680
1885705
1885706
1885707
1885708
1885709
1885838
1885839
1890580
1890680
1895720
1895721
1895722
1895723
1896644
1896645
1896720
1896721
1896722
1896723
1896920
1896921
1896922
1896923
1896924
1896925