1300303
1300304
1300404
1300405
1300406
1302303
1302304
1302404
1302405
1302406
1303303
1303304
1303504
1305316
1305326
1306326
1306336
1308303
1308321
1308326
1308553
1309344
1309362
1309363
1309364
1309549
1309553
1313553
1314553
1315530
1315531
1315532
1315533
1315534
1316763
1317003
1317023
1319531
1319532
1319533
1319544
1319553
1320553
1321553
1322553
1327553
1328553
1329553
1330553
1330963
1332903
1332914
1333553
1333903
1333923
1334553
1334903
1334921
1334923
1335553
1335908
1336553
1336571
1336573
1339553
1339953
1347073
1347074
1347075
1348553
1348579
1348585
1350052
1350553
1350559
1351491
1351553
1360553
1360559
1361553
1362553
1362569
1363553
1363713
1364553
1365553
1365559
1366553
1367553
1368553
1369553
1369567
1369656
1370553
1372120
1372121
1380553
1385530
1385531
1385532
1385533
1385534
1385535
1385536
1385537
1385538
1385539
1386553
1386635
1386636
1386637
1386638
1386639
1386665
1390553
1390963
1395530
1395531
1395532
1395533
1395534
1395535
1395536
1395537
1395538
1395539
1395615
1395616
1395617
1395618
1395619
1395620
1395621
1396515
1396516
1396517
1396518
1396519
1396600
1396601
1396602
1396603
1500553
1505530
1505531
1505532
1505533
1505534
1505575
1505576
1505577
1505578
1505579
1505645
1505646
1505647
1505648
1510553
1515530
1515531
1515532
1515533
1515534
1515535
1515536
1515537
1515538
1515539
1515630
1515631
1515632
1517850
1517851
1517852
1517853
1517854
1517855
1517856
1517857
1517858
1517859
1520553
1521220
1521221
1521222
1521223
1521224
1521225
1521226
1521227
1521228
1521229
1521553
1522293
1524004
1525530
1525531
1525532
1525533
1525534
1525535
1525536
1525537
1525538
1530553
1530963
1534553
1534989
1550553
1555120
1555121
1555122
1555123
1555124
1555125
1555126
1555127
1555530
1555531
1555532
1555533
1555534
1555535
1555536
1555537
1555538
1555539
1555634
1555635
1560553
1560963
1565530
1565531
1565532
1565533
1565534
1565535
1565536
1565537
1565538
1565539
1566553
1567553
1569553
1580553
1585553
1585596
1585597
1585598
1585599
1590553
1592230
1592231
1595530
1595531
1595532
1595533
1595534
1595535
1595536
1595537
1595538
1595539
1860553
1860569
1860963
1880553
1885530
1885531
1885532
1885533
1885534
1885535
1885536
1885537
1885538
1885539
1890553
1890963
1895530
1895531
1895532
1895533
1895534
1895535
1895536
1895537
1895538
1895539