1300629
1303056
1303629
1304499
1304799
1308619
1309709
1309719
1309735
1311799
1312529
1313386
1313387
1313399
1313408
1313409
1315594
1315595
1315596
1315597
1317755
1317764
1317799
1318455
1319799
1320799
1321709
1321799
1323759
1323799
1324799
1325799
1326399
1330799
1331709
1331799
1331939
1332009
1334016
1336174
1336179
1336799
1338799
1339799
1340799
1342669
1343799
1347985
1347986
1350799
1351799
1357643
1357644
1357645
1360799
1361799
1362799
1363590
1363591
1363592
1363593
1363594
1363595
1363596
1364799
1365799
1366799
1367799
1368485
1368489
1368799
1369799
1369844
1369849
1370799
1375550
1375551
1375552
1375553
1376786
1376787
1376788
1376789
1380799
1387990
1387991
1387992
1387993
1387994
1387995
1387996
1387997
1387998
1387999
1390799
1397059
1397990
1397991
1397992
1397993
1397994
1397995
1397996
1397997
1397998
1397999
1500799
1507990
1507991
1507992
1507993
1507994
1507995
1507996
1507997
1507998
1507999
1508388
1508389
1508399
1510709
1510799
1517032
1517033
1517034
1517990
1517991
1517992
1517993
1517994
1517995
1517996
1517997
1517998
1517999
1520709
1520799
1527990
1527991
1527992
1527993
1527994
1527995
1527996
1527997
1529799
1530709
1530799
1534799
1550799
1557028
1557029
1557990
1557991
1557992
1557993
1557994
1557995
1557996
1557997
1557998
1560704
1560799
1567990
1567991
1567992
1567993
1567994
1567995
1567996
1567997
1567998
1567999
1569799
1580709
1580799
1587007
1587008
1587944
1587945
1587995
1587996
1587997
1590799
1593285
1593286
1593287
1593288
1593289
1597920
1597921
1597922
1597923
1597924
1597925
1597926
1597927
1597928
1597929
1597940
1597941
1597942
1597943
1597944
1597945
1597946
1597947
1597948
1597949
1860799
1880799
1887990
1887991
1887992
1887993
1887994
1887995
1887996
1887997
1887998
1887999
1889799
1890799
1897059
1897990
1897991
1897992
1897993
1897994
1897995
1897996
1897997
1897998
1897999