1300301
1300302
1300407
1300408
1300409
1302301
1302302
1302407
1302408
1302409
1303301
1303302
1303501
1303502
1305311
1305312
1306331
1306332
1308301
1308327
1308407
1308408
1308552
1309365
1309366
1309367
1309552
1313552
1314552
1315520
1315521
1315522
1315523
1315524
1315525
1315526
1315527
1315528
1315529
1317002
1317022
1319542
1319543
1319552
1320552
1321552
1322552
1327552
1328552
1329552
1330552
1330962
1330965
1332902
1332922
1333552
1333902
1333908
1334552
1334902
1334922
1335552
1335902
1336552
1336572
1339552
1339952
1348552
1348578
1350056
1350552
1350562
1351552
1360552
1360566
1361552
1362552
1363552
1364552
1365552
1366552
1366562
1367552
1367569
1368552
1369552
1369555
1370552
1372116
1372117
1372118
1372119
1380552
1385520
1385521
1385522
1385523
1385524
1385525
1385526
1385527
1385528
1385529
1386500
1386501
1386502
1386503
1386504
1386505
1386506
1386507
1386508
1386509
1386552
1386567
1386568
1386569
1386648
1390552
1390962
1390965
1395520
1395521
1395522
1395523
1395524
1395525
1395526
1395527
1395528
1395529
1395633
1395634
1395635
1395636
1395637
1395638
1395639
1396524
1396525
1396526
1396527
1396528
1396529
1396604
1396605
1396606
1396607
1396608
1500552
1505520
1505525
1505526
1505527
1505528
1505529
1505560
1505561
1505562
1505615
1505635
1505636
1505637
1505638
1505639
1510552
1515520
1515521
1515522
1515523
1515524
1515525
1515526
1515527
1515528
1515529
1517830
1517831
1517832
1517833
1517834
1517835
1517836
1517837
1517838
1517839
1520552
1521210
1521211
1521212
1521213
1521214
1521215
1521216
1521217
1521552
1525509
1525520
1525521
1525522
1525523
1525524
1525525
1525526
1525527
1525528
1525529
1525539
1530552
1530962
1534552
1550552
1555618
1555619
1560552
1565520
1565521
1565522
1565523
1565524
1565525
1565526
1565527
1565528
1565529
1566552
1567552
1569552
1580552
1585552
1585574
1585575
1585576
1585577
1585578
1585579
1590552
1595520
1595521
1595522
1595523
1595524
1595525
1595526
1595527
1595528
1595529
1860552
1860962
1880552
1885520
1885521
1885522
1885523
1885524
1885525
1885526
1885527
1885528
1885529
1890552
1890962
1890965
1895520
1895521
1895522
1895523
1895524
1895525
1895526
1895527
1895528
1895529