1300147
1301014
1301209
1301327
1302147
1303182
1303183
1303184
1303185
1304318
1308180
1308181
1308454
1309117
1309118
1309119
1310275
1310276
1310277
1310278
1310279
1310308
1310318
1310328
1310338
1313180
1313181
1313182
1313183
1313184
1313185
1313186
1313187
1313188
1313189
1313240
1313241
1313242
1313243
1313244
1316555
1316657
1317171
1317174
1317176
1318000
1318001
1318029
1318476
1318496
1318497
1319169
1319190
1323180
1323181
1323182
1323183
1323184
1323185
1323186
1323187
1323188
1323189
1325320
1325321
1325322
1325323
1325324
1325325
1325326
1325327
1325328
1325329
1327330
1327331
1327332
1327333
1327334
1329058
1329220
1329221
1329222
1329223
1329224
1329225
1329226
1329227
1329228
1329229
1330318
1330338
1331308
1331318
1331580
1331581
1331582
1331583
1331584
1331585
1331586
1332308
1332318
1333308
1333318
1334318
1336318
1336330
1336331
1336332
1336333
1336334
1337308
1337318
1337338
1337348
1338318
1338338
1338368
1339308
1339318
1339328
1340048
1340318
1340328
1340338
1345140
1345141
1346318
1346384
1347318
1347380
1347381
1347382
1347383
1348292
1348370
1348371
1348372
1350318
1351308
1351318
1358248
1358268
1360318
1361318
1362318
1362328
1362337
1362338
1363318
1363328
1364318
1365318
1365328
1366318
1366328
1366338
1370318
1372280
1372281
1372282
1372283
1373052
1373053
1373135
1373136
1373137
1375444
1375458
1378028
1378048
1378417
1378418
1378448
1378483
1378484
1378485
1378486
1378487
1378488
1378582
1378583
1378584
1378585
1378586
1378587
1378588
1378589
1378594
1380318
1383180
1383181
1383182
1383183
1383184
1383185
1383186
1383187
1383188
1383189
1383380
1383381
1383382
1383383
1383384
1383385
1383386
1383387
1383388
1383389
1390318
1390328
1393180
1393181
1393182
1393183
1393280
1393281
1393282
1393283
1393284
1393285
1393286
1393287
1393288
1393289
1500318
1500328
1500338
1502876
1502877
1502878
1502879
1502880
1502881
1502882
1503080
1503081
1503082
1503083
1503084
1503085
1503086
1503087
1503180
1503181
1503182
1503183
1503184
1503185
1503318
1507548
1507580
1507581
1507582
1507583
1507584
1507585
1507586
1507587
1507588
1507589
1507681
1507682
1507683
1507684
1507685
1508148
1509749
1510038
1510318
1510328
1510338
1512780
1512781
1512782
1512783
1512784
1512785
1512786
1512787
1512788
1512789
1513082
1513083
1513084
1513085
1513086
1513087
1513088
1513089
1513180
1513181
1513182
1513183
1513184
1513185
1513186
1513187
1513188
1513189
1513280
1513281
1513282
1513283
1513284
1513285
1513286
1513287
1513288
1513289
1517548
1517580
1517581
1517582
1517583
1517584
1517585
1517586
1517587
1517588
1517589
1519480
1519481
1520318
1520328
1520338
1523300
1523308
1523318
1523328
1523329
1529760
1529761
1529762
1529763
1529764
1529765
1529766
1529767
1529768
1529769
1530318
1530338
1532408
1532418
1532428
1532429
1532438
1532439
1533318
1533338
1534318
1551229
1551265
1551266
1551267
1551268
1551269
1553180
1553181
1553182
1553183
1553184
1553185
1553186
1553187
1553188
1553189
1553318
1553380
1553381
1553382
1553383
1553384
1560318
1561280
1561281
1561282
1561283
1561284
1563180
1563181
1563182
1563183
1563184
1563185
1563186
1563187
1563188
1563189
1563285
1563286
1563287
1563288
1563289
1563318
1569018
1569019
1569048
1569492
1580318
1580328
1580338
1583048
1583180
1583281
1583282
1583283
1583284
1583285
1583286
1583287
1583318
1583328
1583382
1583383
1583384
1590318
1590328
1593037
1593038
1593039
1593082
1593083
1593086
1593087
1593136
1593137
1593138
1593230
1593231
1593242
1593243
1593318
1593380
1593381
1593382
1593383
1593384
1593385
1860318
1863180
1863181
1863182
1863183
1863184
1863185
1863186
1863187
1863188
1863189
1880318
1880328
1880338
1883180
1883181
1883182
1883183
1883184
1883185
1883186
1883187
1883188
1883189
1883280
1883281
1883282
1883283
1883284
1883285
1883286
1883287
1883288
1883289
1890318
1890328
1893163
1893180
1893181
1893182
1893183