1303520
1303521
1303522
1303523
1303524
1304278
1304279
1304280
1304281
1304282
1304283
1308528
1308529
1309410
1309411
1309412
1309413
1309845
1309846
1310077
1311447
1311448
1311721
1311722
1311723
1313586
1313587
1313588
1314727
1316564
1317720
1317721
1317722
1317723
1317724
1319714
1319715
1319716
1319717
1319718
1319719
1320723
1320724
1320725
1321710
1321720
1322750
1322751
1322752
1322753
1322754
1322755
1322756
1322757
1322758
1322759
1323568
1323569
1324727
1325710
1325727
1325729
1326477
1326478
1326479
1327710
1327711
1327727
1327729
1329425
1329729
1330727
1330867
1331727
1331753
1331754
1331755
1332986
1332987
1333980
1333981
1333982
1334356
1334357
1334980
1336710
1337797
1338721
1338722
1338723
1338724
1339610
1339611
1339612
1347630
1347631
1347632
1347633
1347634
1347635
1347636
1347637
1347638
1347639
1347640
1347641
1347642
1347643
1347644
1347759
1348710
1348711
1348712
1348713
1348714
1348715
1348716
1348717
1348718
1350727
1350728
1350866
1354530
1354531
1354532
1354533
1358141
1358142
1358143
1358144
1359746
1359747
1359748
1359749
1359750
1359751
1359752
1359753
1360727
1361710
1361720
1362719
1363578
1363579
1363580
1364710
1365710
1366900
1367710
1368710
1368728
1368729
1369710
1369711
1369720
1369721
1369722
1370727
1377415
1377416
1377417
1377418
1379756
1379757
1379758
1379759
1379760
1379761
1379762
1379763
1379764
1379765
1379766
1379767
1379768
1379769
1379770
1379771
1379772
1379773
1379774
1379775
1379776
1380727
1387160
1387161
1387162
1387163
1387164
1387165
1387166
1387167
1387168
1387169
1387170
1387171
1387172
1387173
1387174
1387175
1387176
1387177
1387178
1387179
1388620
1388621
1388622
1388623
1388624
1388625
1388626
1388627
1388628
1388629
1390727
1390867
1397205
1397206
1397207
1397208
1397209
1397220
1397221
1397222
1397223
1397224
1397225
1397226
1397227
1397228
1397229
1398630
1398631
1398632
1398633
1398634
1398635
1398636
1398637
1398638
1398639
1399570
1399571
1399572
1399573
1399574
1399575
1399576
1399577
1399578
1399579
1500727
1507150
1507151
1507152
1507153
1507154
1507155
1507156
1507220
1507221
1507222
1507223
1507224
1507225
1507226
1507227
1507228
1507229
1509096
1509097
1510727
1517100
1517255
1517256
1517257
1517258
1517259
1517260
1517261
1517262
1517263
1517264
1517265
1517266
1517267
1517268
1517269
1520727
1527100
1527101
1527102
1527103
1527104
1527105
1527106
1527107
1527108
1527109
1527110
1527111
1527112
1527195
1527196
1527197
1527198
1527199
1530727
1530867
1532747
1532790
1532791
1532792
1532793
1533422
1533423
1533424
1533591
1533592
1533593
1533734
1534718
1534719
1534728
1554984
1554985
1554986
1554987
1554988
1554989
1557060
1557061
1557062
1557063
1557064
1557065
1557066
1557067
1557068
1557069
1557100
1557101
1557102
1557103
1557104
1557105
1557106
1557107
1557108
1557109
1557110
1557111
1557112
1557113
1557114
1557115
1557116
1557117
1557118
1557119
1557245
1557246
1560727
1560867
1561494
1561495
1561496
1562930
1562931
1562932
1567126
1567127
1567128
1567129
1567130
1567131
1567132
1567133
1567134
1567148
1567149
1569710
1580727
1587100
1587101
1587102
1587103
1587104
1587105
1587106
1587107
1587196
1587197
1587220
1587221
1587222
1587223
1587224
1587225
1587226
1587227
1587228
1587229
1587230
1587231
1587232
1587233
1587234
1587244
1589795
1589796
1589797
1589798
1589799
1590727
1592688
1592689
1597100
1597101
1597102
1597103
1597104
1597105
1597106
1597107
1597108
1597109
1597110
1597111
1597112
1597113
1597114
1597115
1597116
1597223
1597224
1597225
1597226
1599717
1599718
1599719
1599720
1599721
1599722
1599723
1599724
1599725
1599726
1599727
1599728
1599729
1599730
1599731
1860277
1860727
1860867
1880727
1880867
1887255
1887256
1887257
1887258
1887259
1890727
1890867
1897205
1897206
1897207
1897208
1897209
1897220
1897221
1897222
1897223
1897224
1897225
1897226
1897227
1897228
1897229
1898630
1898631
1898632
1898633
1898634
1898635
1898636
1898637
1898638
1898639
1899566
1899567
1899568