1300771
1300776
1300777
1300778
1300779
1308625
1308626
1308627
1308628
1308629
1309974
1309975
1309976
1309977
1309978
1309979
1310755
1310758
1310759
1310970
1310971
1310972
1310973
1310974
1310975
1310976
1310977
1310978
1310979
1311971
1311976
1311978
1313904
1313905
1313906
1313907
1313908
1313909
1319575
1319576
1319577
1319578
1319579
1320971
1320978
1329971
1329976
1329978
1329980
1329981
1329988
1330971
1330978
1332763
1332764
1332765
1332766
1332767
1332768
1332769
1336971
1336976
1336978
1338971
1338975
1338978
1351970
1351971
1351973
1351974
1351975
1351976
1351977
1351978
1361971
1361978
1363971
1363975
1363976
1363978
1370971
1370972
1370973
1370974
1370975
1370976
1370978
1373460
1373461
1373465
1373466
1373468
1380096
1380097
1380098
1389711
1389718
1389720
1389721
1389723
1389724
1389725
1389726
1389728
1389735
1389736
1389740
1389741
1389742
1389743
1389744
1389745
1389746
1389747
1389748
1389749
1389751
1389758
1389760
1389761
1389762
1389763
1389764
1389765
1389766
1389767
1390971
1390978
1399700
1399701
1399703
1399704
1399705
1399706
1399707
1399708
1399709
1399710
1399711
1399712
1399713
1399714
1399715
1399716
1399717
1399718
1399719
1399720
1399721
1399722
1399723
1399724
1399725
1399726
1399727
1399728
1399729
1399731
1399733
1399735
1399738
1399741
1399748
1500360
1500361
1500365
1500366
1500368
1500369
1500971
1500978
1510971
1510978
1511090
1511091
1511092
1511093
1511094
1511095
1511096
1511097
1511098
1511099
1511171
1511178
1520250
1520251
1520255
1520256
1520258
1520259
1520971
1520978
1530971
1530976
1530978
1533791
1534970
1534971
1534972
1534973
1534974
1559700
1559701
1559702
1559703
1559704
1559705
1559706
1559710
1559711
1559712
1559713
1559714
1559715
1559716
1559717
1559718
1559719
1560971
1560978
1569531
1569538
1580971
1580978
1589701
1589708
1589710
1589711
1589712
1589713
1589714
1589715
1589716
1589717
1589718
1589719
1590971
1590978
1599701
1599707
1599708
1860971
1860978
1880971
1880978
1890971
1890978
1899700
1899701
1899703
1899704
1899705
1899706
1899707
1899708
1899709
1899710
1899711
1899712
1899713
1899714
1899715
1899716
1899717
1899718
1899719
1899720
1899721
1899722
1899723
1899724
1899725
1899726
1899727
1899728
1899729
1899731
1899733
1899735
1899738
1899741
1899748