1303597
1303598
1303599
1308530
1309524
1309962
1309963
1310881
1311418
1311691
1315076
1317053
1317054
1318797
1320881
1321183
1323861
1330881
1331270
1332048
1332498
1333048
1336881
1337881
1338881
1339881
1357810
1357811
1357812
1357813
1357814
1357815
1357816
1357841
1360878
1361881
1361941
1362871
1362880
1362881
1370861
1370881
1375925
1375926
1375927
1375928
1375929
1388790
1388791
1388792
1388793
1390881
1398810
1398811
1398812
1398813
1398814
1398815
1398816
1398817
1398818
1398819
1501212
1501213
1501214
1501215
1501216
1508760
1508761
1508762
1508763
1508764
1508765
1508766
1508767
1508768
1508769
1519840
1519841
1519842
1519843
1519844
1519845
1519846
1519847
1519848
1519849
1519867
1519868
1519869
1528725
1528726
1530881
1533177
1533178
1533430
1560881
1567042
1568790
1568791
1568792
1569701
1581215
1581216
1588760
1588761
1588762
1588763
1588779
1589430
1589431
1589432
1589433
1589434
1589435
1589445
1590881
1591179
1591279
1592464
1592465
1592466
1592467
1592468
1592469
1592540
1592541
1592542
1596915
1596916
1596917
1596918
1596919
1597493
1597494
1597495
1860881
1880691
1886910
1886911
1886912
1886913
1886914
1886915
1886916
1886917
1886918
1886919
1890881
1898810