1300290
1300291
1300292
1300293
1300294
1300295
1300296
1300297
1300298
1300299
1300840
1300841
1300842
1301084
1301085
1302280
1302281
1302282
1302283
1302284
1302285
1302286
1302287
1302288
1302289
1302290
1302291
1302292
1302293
1302294
1302295
1302296
1302297
1302298
1302299
1302840
1302841
1302842
1302851
1302856
1302859
1303290
1303291
1303292
1303293
1303294
1303295
1303296
1303297
1303298
1303299
1303858
1303859
1303893
1306037
1306038
1306039
1306040
1306041
1306042
1307290
1307291
1307292
1307293
1307294
1307295
1307296
1307297
1307298
1307299
1308090
1308091
1308092
1308093
1308750
1308751
1308752
1308753
1308754
1308755
1308756
1308757
1308758
1308759
1308895
1308896
1308897
1308898
1308899
1309029
1309690
1309691
1309692
1309693
1309694
1309695
1309696
1309697
1309698
1309699
1310950
1310951
1310952
1310953
1310954
1310955
1310956
1310957
1310958
1310959
1311040
1311041
1311042
1311043
1311044
1311045
1311046
1311047
1311048
1311049
1311910
1311911
1311912
1311913
1311914
1311915
1311916
1311917
1311918
1311919
1314918
1314920
1314921
1314922
1314923
1314924
1314925
1314926
1314927
1314928
1314929
1315200
1315201
1315202
1315203
1315204
1315205
1315206
1315207
1315208
1315209
1315210
1315211
1315212
1315213
1315214
1315215
1315216
1315217
1315218
1315219
1315240
1315241
1315242
1315243
1315244
1315245
1315246
1315247
1315248
1315249
1316571
1316572
1316573
1316574
1316575
1316578
1316579
1318600
1318601
1318602
1318603
1318604
1318605
1318606
1318607
1318608
1318609
1318610
1318611
1318612
1318613
1318614
1318615
1318616
1318617
1318618
1318619
1319330
1319331
1319332
1319333
1319334
1319335
1319336
1319337
1319338
1319339
1320140
1320141
1320142
1320143
1320144
1320145
1320146
1320147
1320148
1320149
1320150
1320151
1320152
1320153
1320154
1320155
1320156
1320157
1320158
1320159
1320160
1320161
1320162
1320163
1320164
1320165
1320166
1320167
1320168
1320169
1320170
1320171
1320172
1320173
1320174
1320175
1320176
1320177
1320178
1320179
1320180
1320181
1320182
1320183
1320184
1320185
1320186
1320187
1320188
1320189
1322700
1322701
1322702
1322703
1322704
1322705
1322706
1322707
1322708
1322709
1322770
1322771
1322772
1322773
1322774
1322775
1322776
1322777
1322778
1322779
1322780
1322781
1322782
1322783
1322784
1322785
1322786
1322787
1322788
1322789
1322800
1322801
1322802
1322803
1322804
1322805
1322806
1322807
1322808
1322809
1324410
1325940
1325941
1325942
1325943
1325944
1325945
1325946
1325947
1325948
1325949
1325970
1325971
1325972
1325973
1325974
1325975
1325976
1325977
1325978
1325979
1325980
1325981
1325982
1325983
1325984
1325985
1325986
1325987
1325988
1325989
1325990
1325991
1325992
1325993
1325994
1325995
1325996
1325997
1325998
1325999
1327920
1327921
1327922
1327923
1327924
1327925
1327926
1327927
1327928
1327929
1327930
1327931
1327932
1327933
1327934
1327935
1327936
1327937
1327938
1327939
1327940
1327941
1327942
1327943
1327944
1327945
1327946
1327947
1327948
1327949
1328920
1328921
1328922
1328923
1328924
1328925
1328926
1328927
1328928
1328929
1328930
1328931
1328932
1328933
1328934
1328935
1328936
1328937
1328938
1328939
1328980
1328981
1328982
1328983
1328984
1328985
1328986
1328987
1328988
1328989
1329900
1329901
1329902
1329903
1329904
1329905
1329906
1329907
1329908
1329909
1329910
1329911
1329912
1329913
1329916
1329917
1329919
1330918
1330920
1330921
1330922
1330923
1330924
1330925
1330926
1330927
1330928
1330929
1331094
1331097
1331098
1331918
1331920
1331921
1331922
1331923
1331924
1331925
1331926
1331927
1331928
1331929
1332450
1332451
1332452
1332453
1332454
1332455
1332456
1332457
1332458
1332459
1332538
1332545
1332546
1332547
1332548
1332549
1333538
1333539
1334740
1334741
1334742
1334743
1335918
1335920
1335921
1335922
1335923
1335924
1335925
1335926
1335927
1335928
1335929
1336390
1336391
1336392
1336393
1336394
1336395
1336396
1336397
1336398
1336399
1337900
1337901
1337902
1337903
1337904
1337905
1337906
1337907
1337908
1337909
1337918
1337920
1337921
1337922
1337923
1337924
1337925
1337926
1337927
1337928
1337929
1337950
1337951
1337954
1338490
1338491
1338492
1338493
1338494
1338495
1338496
1338497
1338498
1338499
1338918
1338920
1338921
1338922
1338923
1338924
1338925
1338926
1338927
1338928
1338929
1339918
1339928
1340294
1340295
1340296
1340297
1340298
1342977
1346860
1346861
1346862
1346865
1346866
1346867
1346870
1346871
1346872
1346875
1346876
1346877
1346881
1346882
1346883
1346884
1346885
1346888
1346892
1346893
1346895
1346897
1347400
1347401
1347402
1347403
1347405
1347406
1347407
1347410
1347411
1347412
1347413
1347415
1347416
1347417
1347429
1347435
1347436
1347437
1347446
1347447
1347450
1347451
1347452
1347453
1347464
1347465
1347466
1347467
1347468
1348446
1348447
1348451
1348452
1348453
1348454
1348455
1348458
1348459
1348460
1348461
1348462
1348463
1348466
1348467
1348480
1348481
1348490
1348491
1348492
1348493
1348495
1348810
1348811
1348812
1348813
1348814
1348815
1348818
1348819
1348821
1348822
1348823
1348826
1348827
1348831
1348832
1348833
1348835
1348846
1348847
1350918
1351910
1351911
1351912
1351913
1351914
1351915
1351916
1351917
1351918
1351919
1357149
1357180
1357181
1357182
1357183
1357184
1357185
1357186
1357187
1357188
1357189
1357190
1357191
1357192
1357193
1357194
1357195
1357196
1357197
1357198
1357199
1357200
1357201
1357202
1357203
1357204
1357205
1357206
1357207
1357208
1357209
1357210
1357211
1357212
1357213
1357214
1357215
1357216
1357217
1357218
1357219
1357220
1357221
1357222
1357223
1357224
1357225
1357226
1357227
1357228
1357229
1357240
1357241
1357242
1357243
1357244
1357245
1357246
1357247
1357248
1357249
1357250
1357251
1357252
1357253
1357254
1357255
1357256
1357257
1357258
1357259
1357280
1357281
1357282
1357283
1357284
1357285
1357286
1357287
1357288
1357289
1357290
1357291
1357292
1357293
1357294
1357295
1357296
1357297
1357298
1357299
1360911
1360912
1360915
1360916
1360918
1360919
1360920
1360924
1360925
1360926
1360928
1360929
1361920
1361921
1361922
1361924
1361925
1361926
1361928
1361929
1362920
1362924
1362926
1362927
1362928
1362929
1363021
1363022
1363023
1363025
1363028
1363670
1363671
1363680
1363681
1364920
1364921
1364923
1364924
1364925
1364926
1364927
1364928
1364929
1365911
1365914
1365918
1365919
1365920
1365921
1365923
1365924
1365925
1365926
1365928
1365929
1366913
1366918
1366919
1366920
1366922
1366923
1366924
1366925
1366926
1366927
1366928
1366929
1367910
1367911
1367912
1367913
1367916
1367917
1367918
1367920
1367921
1367922
1367924
1367925
1367926
1367927
1367928
1367929
1368919
1368920
1368924
1368925
1368926
1368928
1368929
1370022
1370023
1370024
1370027
1370028
1370029
1370911
1370912
1370914
1370918
1370919
1370920
1370921
1370922
1370924
1370925
1370926
1370928
1370929
1372040
1372041
1372042
1372043
1372045
1372049
1372051
1372052
1372053
1372054
1372055
1372058
1372060
1372061
1372062
1372063
1372065
1372072
1372073
1372075
1372076
1372077
1375987
1375988
1375989
1375990
1375991
1375992
1375993
1375994
1375995
1375996
1375997
1375998
1375999
1377200
1377201
1377202
1377203
1377204
1377205
1377206
1377207
1377208
1377209
1377210
1377211
1377212
1377213
1377214
1377215
1377216
1377217
1377218
1377219
1377240
1377241
1377242
1377243
1377244
1377245
1377246
1377247
1377248
1377249
1377250
1377251
1377252
1377253
1377254
1380029
1380915
1380918
1380919
1389143
1389180
1389181
1389182
1389183
1389184
1389185
1389186
1389187
1389188
1389189
1389190
1389191
1389192
1389193
1389194
1389195
1389196
1389197
1389198
1389199
1389280
1389281
1389282
1389283
1389284
1389285
1389286
1389287
1389288
1389289
1390029
1390918
1390920
1390921
1390922
1390923
1390924
1390925
1390926
1390927
1390928
1390929
1399110
1399111
1399112
1399113
1399114
1399115
1399116
1399117
1399118
1399119
1399120
1399121
1399122
1399123
1399124
1399125
1399126
1399127
1399128
1399129
1399130
1399131
1399132
1399133
1399134
1399135
1399136
1399137
1399138
1399139
1399180
1399181
1399182
1399183
1399184
1399185
1399186
1399187
1399188
1399189
1399190
1399191
1399192
1399193
1399194
1399195
1399196
1399197
1399198
1399199
1399280
1399281
1399282
1399283
1399284
1399285
1399286
1399287
1399288
1399289
1500290
1500291
1500292
1500293
1500294
1500295
1500296
1500297
1500298
1500299
1500920
1500924
1500925
1500926
1500928
1500929
1502900
1502901
1502902
1502903
1502904
1502905
1502906
1502907
1502908
1502909
1502914
1502918
1502920
1502921
1502922
1502923
1502924
1502925
1502926
1502927
1502928
1502929
1502935
1502948
1502955
1502957
1502961
1502967
1502975
1502980
1502988
1502990
1502991
1502992
1502993
1502994
1502995
1502996
1502997
1502998
1502999
1509105
1509109
1509115
1509118
1509119
1509128
1509132
1509133
1509137
1509144
1509148
1509152
1509153
1509154
1509158
1509159
1509162
1509163
1509167
1509175
1509176
1509177
1509183
1509185
1509186
1509189
1509400
1509401
1509402
1509403
1509404
1509405
1509406
1509407
1509408
1509409
1510290
1510291
1510292
1510293
1510294
1510295
1510296
1510297
1510298
1510299
1510911
1510920
1510921
1510922
1510923
1510924
1510925
1510926
1510927
1510928
1510929
1511480
1511481
1511482
1511483
1511484
1511485
1511486
1511487
1511488
1511489
1511498
1512900
1512901
1512902
1512903
1512904
1512905
1512906
1512907
1512908
1512909
1512918
1512920
1512921
1512922
1512923
1512924
1512925
1512926
1512927
1512928
1512929
1512931
1512936
1512939
1512944
1512948
1512956
1512965
1512982
1512988
1512993
1519141
1519142
1519143
1519144
1519145
1519146
1519147
1519148
1519157
1519158
1519168
1519181
1519184
1519185
1519186
1519188
1519189
1519190
1519191
1520240
1520241
1520242
1520243
1520244
1520245
1520246
1520247
1520248
1520249
1520290
1520291
1520292
1520293
1520294
1520295
1520296
1520297
1520298
1520299
1520918
1520920
1520921
1520922
1520923
1520924
1520925
1520926
1520927
1520928
1520929
1522900
1522901
1522902
1522903
1522904
1522905
1522906
1522907
1522908
1522909
1522920
1522921
1522922
1522923
1522924
1522925
1522926
1522927
1522928
1522929
1522930
1522931
1522932
1522933
1522934
1522935
1522936
1522937
1522938
1522939
1522988
1522989
1524904
1524906
1524908
1524909
1524918
1524919
1528928
1528934
1528935
1528936
1528937
1528938
1528945
1528947
1528948
1529118
1529119
1529141
1529145
1529148
1529149
1529157
1529159
1529168
1529169
1529181
1529183
1529184
1529185
1529186
1529187
1529191
1529196
1529198
1529199
1530920
1530921
1530922
1530923
1530924
1530925
1530926
1530927
1530928
1530929
1531940
1531941
1531942
1531943
1531944
1531945
1531946
1531947
1531948
1531949
1531970
1531971
1531972
1531973
1531974
1531975
1531976
1531977
1531978
1531979
1531990
1531991
1531992
1531993
1531994
1531995
1531996
1531997
1531998
1531999
1533230
1533231
1533232
1533233
1533234
1533235
1533236
1533237
1533238
1533239
1533240
1533241
1533242
1533243
1533244
1533245
1533246
1533247
1533248
1533249
1533790
1533900
1533901
1533902
1533903
1533904
1533905
1533906
1533907
1533908
1533909
1533910
1533911
1533912
1533913
1533914
1533915
1533916
1533917
1533918
1533919
1533920
1533921
1533922
1533923
1533924
1533925
1533926
1533927
1533928
1533929
1534920
1534921
1534922
1534923
1534924
1534925
1534926
1534927
1534928
1534929
1552900
1552901
1552902
1552903
1552904
1552905
1552906
1552907
1552908
1552909
1552920
1552921
1552922
1552923
1552924
1552925
1552926
1552927
1552928
1552929
1552930
1552931
1552932
1552933
1552934
1552935
1552936
1552937
1552938
1552939
1552940
1552941
1552942
1552943
1552944
1552945
1552946
1552947
1552948
1552949
1552950
1552951
1552952
1552953
1552954
1552955
1552956
1552957
1552958
1552959
1552960
1552961
1552962
1552963
1552964
1552965
1552966
1552967
1552968
1552969
1559180
1559181
1559182
1559183
1559184
1559185
1559186
1559187
1559188
1559189
1559460
1559461
1559462
1559463
1559464
1559465
1559466
1559467
1559468
1559469
1559480
1559481
1559482
1559483
1559484
1559485
1559486
1559487
1559488
1559489
1559490
1559491
1559492
1559493
1559494
1559495
1559496
1559497
1559498
1559499
1559616
1559617
1559618
1559640
1559641
1559642
1559643
1559644
1559660
1559661
1559662
1559663
1559664
1559665
1559666
1559667
1559668
1559669
1559680
1559681
1559682
1559683
1559684
1559685
1559686
1559687
1559688
1559689
1560920
1560921
1560922
1560923
1560924
1560925
1560926
1560927
1560928
1560929
1561900
1561901
1561902
1561903
1561904
1561905
1561906
1561907
1561908
1561909
1561920
1561921
1561922
1561923
1561924
1561925
1561926
1561927
1561928
1561929
1561930
1561931
1561932
1561933
1561934
1561935
1561936
1561937
1561938
1561939
1561940
1561941
1561942
1561943
1561944
1561945
1561946
1561947
1561948
1561949
1566460
1566461
1566462
1566463
1566464
1566465
1566466
1566467
1566468
1566469
1566470
1566471
1566472
1566473
1566474
1566475
1566476
1566477
1566478
1566479
1566480
1566481
1566482
1566483
1566484
1566485
1566486
1566487
1566488
1566489
1566490
1566491
1566492
1566493
1566494
1566495
1566496
1566497
1566498
1566499
1566700
1566701
1566702
1566703
1566704
1566705
1566706
1566707
1566708
1566709
1569140
1569141
1569142
1569143
1569144
1569145
1569146
1569147
1569148
1569149
1569170
1569171
1569172
1569173
1569174
1569175
1569176
1569177
1569178
1569179
1569180
1569181
1569182
1569183
1569184
1569185
1569186
1569187
1569188
1569189
1569190
1569191
1569192
1569193
1569194
1569195
1569196
1569197
1569198
1569199
1580290
1580291
1580292
1580293
1580294
1580295
1580296
1580297
1580298
1580299
1580918
1580920
1580921
1580922
1580923
1580924
1580925
1580926
1580927
1580928
1580929
1582900
1582901
1582902
1582903
1582904
1582905
1582906
1582907
1582908
1582909
1582910
1582920
1582921
1582922
1582923
1582924
1582925
1582926
1582927
1582928
1582929
1582930
1582931
1582932
1582933
1582934
1582935
1582936
1582937
1582938
1582939
1582946
1582947
1582953
1582954
1582955
1582958
1582960
1582961
1582962
1582963
1582964
1582965
1582966
1582967
1582968
1582969
1582970
1582971
1582972
1582973
1582974
1582975
1582976
1582977
1582978
1582979
1582984
1582988
1582990
1582991
1582992
1582993
1587732
1587734
1587738
1587739
1587744
1587748
1587755
1587765
1589130
1589139
1589142
1589144
1589148
1589149
1589170
1589171
1589172
1589173
1589174
1589175
1589176
1589177
1589178
1589179
1590290
1590291
1590292
1590293
1590294
1590295
1590296
1590297
1590298
1590299
1590920
1590929
1592930
1592931
1592932
1592944
1592948
1592955
1592956
1592972
1592973
1592977
1592980
1592989
1592990
1592991
1592992
1592993
1592994
1592995
1592996
1592997
1592998
1592999
1593480
1593481
1593482
1593483
1593484
1593485
1593486
1593487
1593488
1593489
1599116
1599126
1599127
1599134
1599138
1599143
1599145
1599160
1599161
1599162
1599163
1599164
1599165
1599166
1599167
1599168
1599169
1599170
1599171
1599172
1599173
1599174
1599175
1599176
1599177
1599178
1599179
1599180
1599185
1599189
1599194
1599198
1860290
1860291
1860292
1860293
1860294
1860295
1860296
1860297
1860298
1860299
1860928
1868180
1868181
1868182
1868183
1868184
1868185
1868186
1868187
1868188
1868189
1868194
1880290
1880291
1880292
1880293
1880294
1880295
1880296
1880297
1880298
1880299
1880918
1880920
1880921
1880922
1880923
1880924
1880925
1880926
1880927
1880928
1880929
1882160
1882161
1882162
1882163
1882164
1882165
1882166
1882167
1882168
1882169
1882170
1882171
1882172
1882173
1882174
1882175
1882176
1882177
1882178
1882179
1889144
1889148
1889190
1889191
1889192
1889193
1889194
1889195
1889196
1889197
1889198
1889199
1889200
1889201
1889202
1889203
1889204
1889205
1889206
1889207
1889208
1889209
1890918
1890920
1890921
1890922
1890923
1890924
1890925
1890926
1890927
1890928
1890929
1896660
1896661
1896662
1896663
1896664
1896665
1896666
1896667
1896668
1896669
1896670
1896671
1896672
1896673
1896674
1896675
1896676
1896677
1896678
1896679
1896680
1896681
1896682
1896683
1896684
1896685
1896686
1896687
1896688
1896689
1896690
1896691
1896692
1896693
1896694
1899110
1899111
1899112
1899113
1899114
1899115
1899116
1899117
1899118
1899119
1899120
1899121
1899122
1899123
1899124
1899125
1899126
1899127
1899128
1899129
1899130
1899131
1899132
1899133
1899134
1899135
1899136
1899137
1899138
1899139
1899180
1899181
1899182
1899183
1899184
1899185
1899186
1899187
1899188
1899189
1899190
1899191
1899192
1899193
1899194
1899195
1899196
1899197
1899198
1899199
1899280
1899281
1899282
1899283
1899284
1899285
1899286
1899287
1899288
1899289