1300780
1300781
1300782
1300783
1300784
1300785
1300786
1300788
1301078
1301743
1301745
1301746
1301747
1301748
1302780
1302781
1302782
1302783
1302784
1302785
1302786
1302788
1303780
1303781
1303782
1303783
1303784
1303785
1303786
1303787
1303788
1303789
1307850
1307851
1307852
1307853
1307854
1307855
1307856
1307857
1307858
1307859
1308780
1308781
1308782
1308783
1308784
1308785
1309850
1309851
1311630
1311631
1311632
1311649
1311850
1311851
1312360
1312361
1312460
1312461
1312467
1315800
1315801
1315802
1315803
1315804
1315805
1315806
1315807
1315808
1315809
1319510
1319511
1319520
1319521
1320851
1330850
1330851
1331040
1331220
1331221
1331222
1331223
1331224
1331225
1331226
1331227
1331228
1332960
1332961
1333960
1333961
1336850
1336851
1336860
1336861
1336869
1337850
1337851
1338510
1338511
1338514
1338550
1338551
1339850
1339851
1351190
1351191
1351192
1351193
1351194
1351195
1351196
1351197
1351198
1351199
1351850
1351851
1359500
1359501
1359502
1359503
1359504
1359505
1359506
1359507
1359508
1359509
1359510
1359511
1359512
1359513
1359514
1359515
1359516
1359517
1359518
1359519
1360850
1360851
1360852
1360853
1360854
1360855
1360856
1360857
1360858
1360859
1361850
1361851
1361857
1361858
1361859
1362850
1362851
1362856
1363850
1363851
1363900
1363901
1363902
1363903
1363904
1363905
1363906
1363907
1363908
1363909
1363910
1363911
1363912
1363913
1363914
1364850
1364851
1365850
1365851
1366850
1366851
1367850
1367851
1368850
1368851
1376500
1376501
1376502
1376503
1376504
1376505
1376506
1376507
1376508
1376509
1376510
1376511
1376512
1376513
1376514
1376515
1376516
1376517
1376518
1376519
1376580
1376581
1376582
1376583
1376584
1380085
1380940
1380941
1380942
1380943
1380944
1380945
1380946
1380947
1380948
1380949
1388500
1388501
1388502
1388503
1388504
1388505
1388506
1388507
1388508
1388509
1388510
1388511
1388512
1388513
1388514
1388515
1388516
1388517
1388518
1388519
1390850
1390851
1398400
1398401
1398402
1398403
1398404
1398405
1398406
1398407
1398408
1398409
1398410
1398411
1398412
1398413
1398414
1398415
1398416
1398417
1398418
1398419
1398430
1398431
1398432
1398433
1398434
1398435
1398436
1398437
1398438
1398439
1398440
1398441
1398480
1398481
1398482
1398483
1398484
1398485
1398486
1398487
1398488
1398489
1398500
1398501
1398502
1398503
1398504
1398505
1398510
1398511
1398512
1398513
1398514
1398515
1398516
1398517
1398518
1398519
1398540
1398541
1398542
1398543
1398544
1398545
1398546
1398547
1398548
1398549
1398550
1398551
1398552
1398553
1398554
1398555
1398556
1398557
1398558
1398559
1500851
1508590
1508591
1508592
1508593
1508594
1508595
1508596
1508597
1508598
1508599
1508600
1508601
1508602
1508603
1508604
1510850
1510851
1518070
1518071
1518072
1518073
1518074
1518080
1518081
1518082
1518083
1518084
1518085
1518086
1518087
1518088
1518089
1518500
1518501
1518502
1518503
1518504
1518505
1518506
1518507
1518508
1518509
1518510
1518511
1518512
1518513
1518514
1518515
1518516
1518517
1518518
1518519
1518695
1518696
1518697
1518698
1518699
1520850
1520851
1528500
1528501
1528502
1528503
1528504
1528505
1528506
1528507
1528508
1528509
1528510
1528511
1528512
1528513
1528514
1528515
1528516
1528517
1528518
1528519
1528550
1528551
1528552
1528553
1528554
1528555
1528556
1528557
1528558
1528559
1528560
1528561
1528562
1528563
1528564
1528590
1528591
1528592
1528593
1528594
1528595
1528596
1528597
1528598
1528599
1528600
1528601
1528602
1528603
1528604
1528605
1528606
1528607
1528608
1528609
1530850
1530851
1532900
1532901
1532910
1532920
1532930
1532931
1532940
1532941
1532950
1532960
1532970
1532980
1532990
1533132
1533850
1533851
1533860
1533950
1533951
1534851
1551900
1551901
1551902
1551903
1551904
1551905
1551906
1551907
1551908
1551909
1551910
1551911
1551912
1551913
1551914
1551915
1551916
1551917
1551918
1551919
1551954
1551955
1551956
1551957
1551958
1551959
1558500
1558501
1558502
1558503
1558510
1558511
1558512
1558513
1558514
1558515
1558516
1558517
1558518
1558519
1558530
1558531
1558553
1559770
1559771
1559772
1559910
1559911
1559912
1559913
1559914
1559915
1559916
1559917
1559918
1560850
1560851
1567091
1568510
1568511
1568512
1568513
1568514
1568515
1568516
1568517
1568518
1568519
1568530
1568531
1568541
1568550
1568551
1568560
1568590
1569271
1569274
1580850
1580851
1588500
1588501
1588502
1588503
1588504
1588505
1588506
1588507
1588508
1588509
1588510
1588550
1588551
1588552
1588553
1588554
1590250
1590251
1590260
1590261
1590268
1590269
1590850
1590851
1598500
1598501
1598510
1598511
1598512
1598513
1598514
1598515
1598516
1598517
1598518
1598519
1860850
1860851
1880850
1880851
1888510
1888511
1888512
1888513
1888514
1888515
1888516
1888517
1888518
1888519
1888580
1888581
1888582
1888583
1888584
1888585
1888586
1888587
1888588
1888589
1888590
1888591
1888592
1888593
1888594
1888595
1888596
1888597
1888598
1888599
1890850
1890851
1898400
1898401
1898402
1898403
1898404
1898405
1898406
1898407
1898408
1898409
1898410
1898411
1898412
1898413
1898414
1898415
1898416
1898417
1898418
1898419
1898430
1898431
1898432
1898433
1898434
1898435
1898436
1898437
1898438
1898439
1898480
1898481
1898482
1898483
1898484
1898485
1898486
1898487
1898488
1898489
1898500
1898501
1898502
1898503
1898504
1898505
1898510
1898511
1898512
1898513
1898514
1898515
1898516
1898517
1898518
1898519
1898540
1898541
1898550
1898551
1898552
1898553
1898554
1898555
1898556
1898557
1898558
1898559