1303814
1303815
1303816
1306436
1306437
1308657
1308658
1308824
1308830
1309606
1309615
1309616
1310807
1311804
1311805
1311840
1311841
1311842
1315461
1315462
1315849
1315878
1318394
1318395
1319478
1319479
1319803
1319804
1319885
1320815
1321943
1321959
1332068
1332084
1333068
1333084
1334068
1334079
1334084
1335012
1335069
1337831
1338830
1339830
1339831
1340822
1343842
1344011
1345837
1345838
1345839
1350804
1351835
1354143
1354727
1354728
1354729
1355067
1355068
1355069
1355170
1355171
1355893
1356853
1356854
1356855
1361901
1362901
1364901
1365901
1367824
1368410
1368411
1368412
1368413
1368414
1368827
1369832
1370094
1370824
1370826
1373072
1373073
1373940
1373941
1373942
1373943
1373944
1377848
1377849
1377898
1377899
1379570
1379571
1379572
1379573
1388290
1388291
1388292
1388293
1388294
1388295
1388296
1388297
1388298
1388299
1398038
1398290
1398291
1398292
1398293
1398294
1398295
1398296
1398297
1398298
1398299
1508210
1508211
1508212
1508213
1508214
1510813
1510814
1510815
1518215
1518216
1518217
1518218
1518219
1518320
1518321
1518322
1518323
1518324
1518373
1518374
1518375
1518376
1518377
1518378
1518379
1519658
1519659
1519680
1519681
1519682
1519683
1519684
1528220
1528221
1528222
1528223
1528224
1528225
1528226
1528227
1528228
1528229
1528320
1528321
1528322
1528323
1528324
1528497
1528498
1528499
1530835
1530836
1530837
1530838
1530839
1532849
1552065
1552066
1552067
1552068
1552868
1552869
1552886
1568038
1568150
1568151
1569293
1588320
1588321
1588322
1588323
1588324
1588420
1588421
1588422
1588423
1588424
1589230
1589231
1589232
1589233
1589234
1590831
1590841
1592834
1592835
1598320
1598321
1598322
1598323
1598324
1598420
1598421
1598422
1598423
1598424
1860805
1880814
1880815
1888210
1888211
1888212
1888213
1888214
1898038
1898290
1898291
1898292
1898293
1898294
1898295
1898296
1898297
1898298
1898299