1300346
1300347
1301690
1301691
1301692
1302346
1302347
1303352
1304199
1304865
1304866
1304867
1304868
1304869
1305604
1305605
1305606
1305607
1305608
1305609
1306494
1306495
1306496
1306497
1308253
1309237
1309238
1309239
1309245
1311513
1311514
1311515
1314150
1314151
1314152
1314153
1315137
1315138
1315139
1315144
1315170
1315171
1315172
1315173
1315174
1315175
1315176
1315177
1317418
1317419
1317957
1317958
1317959
1318646
1318647
1318660
1318661
1318662
1319683
1319684
1322518
1322520
1322521
1323630
1323631
1323632
1323633
1323634
1327040
1327060
1330512
1330513
1332786
1332787
1333786
1333787
1333898
1333899
1334786
1334787
1335786
1335787
1336526
1336527
1338293
1338294
1338295
1338296
1340126
1340418
1350513
1351156
1358528
1358529
1360512
1360513
1361155
1364512
1364513
1365512
1365513
1365514
1367520
1367521
1367522
1367523
1367524
1367525
1367526
1367527
1367528
1367529
1370512
1370513
1373912
1377540
1377541
1377542
1377543
1377544
1377545
1377546
1377547
1377548
1377549
1377556
1377557
1377558
1377559
1377649
1377659
1380512
1380513
1381232
1381233
1381234
1381243
1381244
1381546
1381560
1381561
1381562
1381563
1381564
1381565
1381566
1381567
1381568
1381569
1385120
1385121
1385122
1385123
1385124
1385125
1385126
1385127
1385128
1385129
1385139
1386142
1386143
1390512
1390513
1391215
1391216
1391217
1391218
1395125
1395149
1396130
1396131
1396132
1396133
1396134
1396135
1396136
1396137
1396138
1396139
1500512
1500513
1505090
1505091
1505092
1505115
1505116
1505117
1505118
1505119
1505248
1505249
1506130
1506131
1506132
1506133
1506134
1506135
1506136
1506137
1506138
1506139
1506140
1506290
1506291
1506292
1506293
1506294
1506295
1506296
1506297
1506298
1510512
1510513
1515090
1515091
1515092
1515093
1515094
1515095
1515096
1515097
1515098
1515099
1515120
1515121
1515122
1515123
1515124
1515125
1515126
1515127
1515128
1515129
1515253
1515254
1516130
1516131
1516132
1516133
1516134
1516135
1516136
1516137
1516138
1516139
1518900
1518901
1518902
1518903
1518904
1519570
1519571
1519572
1519573
1519574
1520512
1520513
1524030
1524031
1524032
1524033
1525120
1525121
1525122
1525123
1525124
1525125
1525126
1525127
1525128
1525129
1525244
1525280
1525281
1525282
1525283
1525284
1526130
1526131
1526132
1526133
1526134
1526135
1526136
1526137
1526138
1526139
1529860
1529861
1529862
1529863
1529864
1530512
1530513
1531210
1531211
1531212
1531213
1531244
1560512
1560513
1565125
1565149
1566831
1566832
1566833
1566834
1566835
1566836
1566837
1566838
1566839
1566846
1569518
1580512
1580513
1585041
1586120
1586121
1586122
1586123
1586124
1586125
1586126
1586127
1586128
1586129
1586290
1589578
1589579
1589610
1589611
1589612
1589613
1589614
1590512
1590513
1595070
1595071
1595072
1595073
1595074
1595075
1595076
1595077
1595078
1595079
1595125
1595149
1596130
1596131
1596132
1596133
1596134
1596135
1596136
1596137
1596138
1596139
1599610
1599611
1599612
1599613
1599614
1860153
1860154
1860518
1880512
1880513
1885125
1885149
1886130
1886131
1886132
1886133
1886134
1886135
1886136
1886137
1886138
1886139
1890512
1890513
1891215
1891216
1891217
1891218
1893656
1893657
1893658
1893659
1893660
1893661
1893662
1893663
1893664
1893665
1893666
1893667
1893668
1893669
1893670
1893671
1893672
1893673
1895125
1895149
1896130
1896131
1896132
1896133
1896134
1896135
1896136
1896137
1896138
1896139