1300919
1301919
1302919
1303919
1303929
1304035
1304037
1304435
1306907
1306919
1306927
1306929
1308000
1308005
1308919
1308927
1308929
1310435
1312435
1312575
1312585
1312589
1313435
1314435
1315965
1315972
1315973
1317919
1317921
1317922
1318064
1318065
1318066
1318067
1318068
1318069
1319614
1319615
1319616
1319617
1319618
1320435
1321435
1321445
1322435
1322445
1323435
1324425
1324435
1324445
1325185
1325265
1325266
1325267
1325874
1325875
1325876
1325877
1325885
1327435
1327815
1327825
1327835
1327845
1327855
1329435
1329884
1329885
1329886
1330445
1331435
1332145
1332153
1332435
1332445
1333144
1333145
1333146
1333147
1333153
1333179
1334156
1335153
1335315
1335435
1336435
1336445
1336456
1338435
1338445
1339435
1339445
1340450
1340451
1350095
1351435
1360445
1361435
1362435
1363075
1363445
1364435
1365435
1366435
1367435
1369435
1370435
1373285
1373286
1373287
1374350
1374351
1374352
1374353
1374354
1374355
1374356
1374357
1374358
1374359
1374450
1374451
1374452
1374453
1374454
1374455
1374456
1374457
1374458
1374459
1376614
1376618
1376619
1380445
1384351
1384353
1384354
1384357
1384358
1384359
1384451
1384453
1384454
1384458
1384459
1389451
1389453
1389454
1389458
1389459
1390445
1394340
1394351
1394353
1394354
1394357
1394358
1394359
1394451
1394453
1394454
1394458
1394459
1500435
1504350
1504351
1504352
1504353
1504354
1504355
1504356
1504357
1504358
1504359
1504450
1504451
1504452
1504453
1504454
1504455
1504456
1504457
1504458
1504459
1510435
1511430
1511431
1511432
1511433
1511434
1511435
1511436
1511437
1511438
1511439
1514350
1514351
1514352
1514353
1514354
1514355
1514356
1514357
1514358
1514359
1520435
1530435
1532634
1532635
1532644
1532645
1532646
1533068
1533069
1534434
1534435
1534439
1552660
1552661
1552662
1560435
1564350
1564351
1564352
1564353
1564354
1564355
1564356
1564357
1566230
1566231
1566232
1566233
1566234
1566235
1566236
1566237
1569435
1569954
1580435
1583450
1583451
1583452
1583453
1583454
1583455
1583456
1583457
1583458
1583459
1584350
1584351
1584352
1584353
1584354
1584355
1584356
1584357
1584358
1584359
1584450
1584451
1584452
1584453
1584454
1584455
1584456
1584457
1584458
1584459
1590435
1594350
1594352
1594354
1594356
1594358
1594450
1594452
1594454
1594456
1594458
1598160
1860435
1864302
1864303
1880435
1884350
1884351
1884352
1884353
1884354
1884355
1884356
1884357
1884358
1884359
1890435
1890445
1894341
1894342
1894343
1894344
1894356
1894357
1894358
1894359