1300787
1301740
1301741
1301749
1302787
1303550
1303551
1303552
1303553
1304850
1304851
1304857
1304858
1304859
1308787
1308788
1308789
1309670
1309671
1309672
1309673
1309674
1309675
1309676
1309677
1309678
1309679
1309852
1311633
1311634
1311635
1311852
1312362
1312462
1312464
1315811
1315812
1315820
1315821
1315822
1315832
1319512
1319522
1320852
1330852
1331041
1331042
1331048
1331049
1331072
1331230
1331231
1331232
1331233
1331234
1331235
1331440
1331441
1331442
1331443
1332962
1333962
1336852
1336862
1336866
1337852
1337960
1338512
1338519
1338552
1339852
1350851
1350852
1351180
1351181
1351182
1351183
1351184
1351185
1351186
1351187
1351188
1351189
1351852
1359520
1359521
1359522
1359523
1359524
1359525
1359526
1359527
1359528
1359529
1361852
1362852
1362853
1363852
1363920
1363921
1363922
1363923
1363924
1363925
1363926
1363927
1363928
1363929
1364852
1365852
1366852
1367852
1368852
1370850
1370851
1370852
1376520
1376521
1376522
1376523
1376524
1376525
1376526
1376527
1376528
1376529
1376590
1376591
1376592
1376593
1376594
1376595
1376596
1376597
1376598
1376599
1388520
1388521
1388522
1388523
1388524
1388525
1388526
1388527
1388528
1388529
1390852
1398420
1398421
1398422
1398423
1398424
1398425
1398426
1398427
1398428
1398429
1398442
1398450
1398451
1398452
1398453
1398454
1398490
1398491
1398492
1398493
1398494
1398495
1398496
1398497
1398498
1398499
1398520
1398521
1398522
1398523
1398524
1398525
1398526
1398560
1398561
1398562
1398563
1398564
1398565
1398566
1398567
1398568
1398569
1500852
1508500
1508501
1508502
1508503
1508504
1508505
1508506
1508507
1508508
1508509
1508510
1508511
1508512
1508513
1508540
1508541
1508542
1508543
1508544
1508545
1508546
1508547
1508548
1508549
1508550
1508551
1508552
1508553
1508554
1508555
1508556
1508557
1508558
1508559
1508560
1508561
1508562
1508563
1508564
1508605
1508606
1508607
1508608
1508609
1510852
1512010
1512011
1512012
1512013
1512014
1512015
1512016
1512017
1512018
1512019
1512020
1512021
1512022
1512023
1512024
1512025
1512026
1512027
1512028
1512029
1512030
1512031
1512032
1512033
1512034
1512035
1512036
1512037
1512038
1512039
1512120
1512121
1512122
1512123
1512124
1512125
1512126
1512127
1512128
1512129
1518075
1518076
1518520
1518521
1518522
1518523
1518524
1518525
1518526
1518527
1518528
1518529
1518530
1518531
1518532
1518533
1518534
1518660
1518661
1518662
1518663
1518664
1518665
1518666
1518667
1518668
1518669
1518670
1518671
1518672
1518673
1518674
1518675
1518676
1520852
1520860
1520861
1520862
1520863
1520864
1520865
1520866
1520867
1520868
1520869
1528520
1528521
1528522
1528523
1528524
1528610
1528611
1528612
1528613
1528614
1528615
1528616
1528617
1528618
1528619
1530852
1532902
1532911
1532912
1532921
1532922
1532932
1532942
1532951
1532952
1532962
1532971
1532972
1532982
1532988
1532992
1532999
1533852
1533862
1533952
1534850
1534852
1534860
1534861
1534862
1534863
1534864
1534865
1534866
1534867
1534868
1534869
1551920
1551921
1551922
1551923
1551924
1551925
1551926
1551927
1551928
1551929
1551944
1551960
1551961
1551962
1551963
1551964
1551965
1551966
1558504
1558505
1558506
1558520
1558521
1558522
1558523
1558524
1558525
1558526
1558527
1558528
1558529
1558544
1558562
1559773
1559774
1559775
1559776
1559920
1559921
1559922
1559923
1559924
1559925
1559926
1559927
1559928
1559929
1560852
1567092
1568520
1568521
1568522
1568523
1568524
1568525
1568526
1568527
1568528
1568529
1568532
1568533
1568534
1568542
1568552
1568561
1568562
1569272
1580852
1587010
1587011
1587012
1587013
1587014
1588560
1588561
1588562
1588563
1588564
1588565
1588566
1588567
1588568
1588569
1590252
1590262
1590852
1593460
1593461
1593462
1593463
1593464
1593465
1593466
1593467
1593468
1593469
1598502
1598503
1598504
1598505
1598506
1598507
1598508
1598509
1598520
1598521
1598522
1598523
1598524
1598525
1598526
1598527
1598528
1598529
1860852
1880852
1888520
1888521
1888522
1888523
1888524
1888525
1888526
1888527
1888528
1888529
1890852
1898420
1898421
1898422
1898423
1898424
1898425
1898426
1898427
1898428
1898429
1898490
1898491
1898492
1898493
1898494
1898495
1898496
1898497
1898498
1898499
1898520
1898521
1898522
1898523
1898524
1898525
1898526
1898560
1898561
1898562
1898563
1898564
1898565
1898566
1898567
1898568
1898569