1300265
1300464
1300465
1300466
1300467
1301794
1301795
1301796
1301797
1301798
1301799
1302098
1302265
1302464
1302465
1302466
1302467
1303366
1303425
1304070
1304071
1304072
1304073
1304076
1304077
1304578
1304579
1304990
1304991
1304992
1304993
1304994
1304995
1304996
1304997
1304998
1304999
1305895
1305896
1305897
1305898
1305899
1306460
1306461
1306462
1306463
1306464
1306465
1306466
1306467
1306468
1306469
1306590
1306591
1306592
1306593
1306594
1306595
1306596
1306597
1306598
1306599
1308464
1308465
1308466
1308565
1308566
1308567
1309464
1309465
1309466
1309579
1309587
1309588
1309589
1310559
1310579
1310589
1310620
1310621
1310622
1310623
1310624
1310625
1310626
1310640
1310641
1310642
1311579
1311687
1311688
1311689
1315790
1315791
1315792
1315793
1315794
1315795
1315796
1315797
1315798
1315799
1316580
1317380
1317381
1317382
1317383
1317384
1317385
1317386
1317387
1317388
1317389
1317490
1317491
1317492
1317493
1317494
1317495
1317496
1317497
1317498
1317499
1317540
1317541
1317542
1317543
1317544
1317550
1317551
1317552
1317553
1317554
1318449
1318510
1318511
1318512
1318513
1318514
1318515
1318516
1318517
1318518
1318519
1318579
1320579
1320589
1321620
1321621
1321622
1321623
1321624
1321625
1321626
1321679
1322125
1322126
1322127
1322128
1322129
1322149
1323579
1323589
1324846
1324847
1324848
1324849
1324880
1324881
1324882
1324883
1324884
1324885
1324886
1324887
1324888
1324889
1325099
1325109
1325579
1325589
1327679
1327689
1328251
1328289
1328290
1328291
1328292
1328293
1328294
1328295
1328296
1328297
1328298
1328299
1328579
1328589
1329149
1329157
1329158
1329159
1329579
1329589
1330579
1330589
1330679
1330689
1332579
1332589
1332599
1333579
1333589
1333590
1333591
1333592
1333593
1333594
1333595
1333596
1333597
1333598
1333599
1334579
1334589
1334590
1334591
1334592
1334593
1334594
1335579
1335589
1335703
1335704
1335705
1335706
1336290
1336291
1336292
1336293
1336294
1336295
1336296
1336297
1336298
1336299
1337249
1337380
1337381
1337382
1337383
1337384
1337579
1337589
1337689
1338579
1338589
1338845
1338846
1338865
1338866
1339579
1339589
1339679
1339689
1342900
1342901
1342902
1342903
1342904
1342905
1342906
1342907
1342908
1342909
1345490
1345491
1345492
1345493
1345494
1345495
1345496
1345497
1345498
1345499
1348405
1348406
1348407
1348408
1348409
1348690
1348691
1348692
1348693
1348694
1348695
1348696
1348697
1348698
1348699
1350579
1350589
1350658
1350659
1350679
1350689
1351579
1351589
1351679
1351684
1351689
1351690
1351691
1351692
1351693
1351694
1351695
1351696
1351697
1351698
1351699
1356670
1356671
1356672
1356673
1356674
1356675
1356676
1356677
1356678
1356679
1356690
1356691
1356692
1356693
1356694
1356695
1356696
1356697
1356698
1356699
1357568
1357569
1357590
1357591
1357592
1357593
1357594
1357595
1357596
1357597
1357598
1357599
1358695
1358696
1358697
1358698
1358699
1358860
1358861
1358862
1358863
1358864
1358865
1358866
1358867
1358868
1358869
1360059
1360069
1360572
1360579
1360582
1360589
1360679
1360689
1361579
1361589
1361679
1361689
1362579
1362589
1362669
1362679
1362689
1364579
1364589
1364659
1364669
1364679
1364689
1365579
1365589
1366582
1366583
1366584
1366585
1366586
1366587
1366588
1366589
1367680
1367681
1367682
1367683
1367684
1370579
1370589
1370679
1370689
1373240
1373241
1373242
1373243
1373244
1373560
1373561
1373562
1373563
1373564
1373565
1373566
1373567
1373568
1373569
1373570
1373571
1373572
1373573
1373574
1373575
1373576
1373577
1373578
1373579
1373890
1373891
1373892
1373893
1373894
1373895
1373896
1373897
1373898
1373899
1375092
1375093
1375094
1375095
1375096
1375097
1375098
1375099
1375790
1375791
1375792
1375793
1375794
1375795
1375796
1375797
1375798
1375799
1375890
1375891
1375892
1375893
1375894
1375895
1375896
1375897
1375898
1375899
1377750
1377751
1377752
1377753
1377754
1377790
1377791
1377792
1380677
1380678
1380679
1381990
1381991
1381992
1381993
1381994
1381995
1381996
1381997
1381998
1381999
1385790
1385791
1385792
1385793
1385794
1385795
1385796
1385797
1385798
1385799
1385890
1385891
1385892
1385893
1385894
1385895
1385896
1385897
1385898
1385899
1386790
1386791
1386792
1386793
1386794
1386795
1386796
1386797
1386798
1386799
1386890
1386891
1386892
1386893
1386894
1386895
1386896
1386897
1386898
1386899
1390579
1390589
1390679
1390689
1395790
1395791
1395792
1395793
1395794
1395795
1395796
1395797
1395798
1395799
1395840
1395841
1395842
1395843
1395844
1395845
1395846
1395847
1395848
1395849
1396740
1396741
1396742
1396743
1396744
1396745
1396746
1396747
1396748
1396749
1396790
1396791
1396792
1396793
1396794
1396795
1396796
1396797
1396798
1396799
1398940
1398941
1398942
1398943
1398944
1500579
1500589
1502438
1502439
1502450
1502451
1502452
1502453
1502454
1502455
1502456
1502457
1502458
1502459
1505780
1505781
1505782
1505783
1505784
1505790
1505791
1505792
1505793
1505794
1505795
1505796
1505797
1505798
1505799
1505850
1505851
1505852
1505853
1505854
1505855
1505856
1505857
1505858
1505859
1505865
1505866
1505867
1506704
1506705
1506706
1506707
1506708
1506709
1506758
1506759
1506790
1506791
1506792
1506793
1506794
1506795
1506796
1506797
1506798
1506799
1506802
1506803
1506804
1506805
1506806
1506807
1506808
1506809
1508820
1508821
1508822
1508823
1508824
1508825
1508826
1508827
1508828
1508829
1510579
1510589
1515790
1515791
1515792
1515793
1515794
1515795
1515796
1515797
1515890
1515891
1515892
1515893
1515894
1515895
1515896
1515897
1515898
1515899
1516790
1516791
1516792
1516793
1516794
1516795
1516796
1516797
1516798
1516799
1520579
1520589
1521470
1521471
1521472
1521473
1521474
1521585
1521586
1521587
1521588
1521589
1525790
1525791
1525792
1525793
1525794
1525795
1525796
1525797
1525798
1525799
1525890
1525891
1525892
1525893
1525894
1525895
1525896
1525897
1525898
1525899
1526730
1526731
1526732
1526733
1526734
1526735
1526736
1526737
1526738
1526739
1526740
1526741
1526790
1526791
1526792
1526793
1526794
1526795
1526796
1526797
1526798
1526799
1526860
1526861
1526862
1526863
1526864
1526865
1526866
1526867
1526868
1526869
1530579
1530589
1530679
1530689
1531495
1531496
1531497
1531498
1531499
1532579
1532589
1532590
1532591
1532592
1532593
1532594
1532595
1532596
1532597
1532598
1532599
1533690
1533691
1533692
1533693
1533769
1534579
1534589
1550579
1550589
1555790
1555791
1555792
1555793
1555794
1555795
1555796
1555797
1555798
1555799
1555867
1555868
1555869
1560579
1560589
1560679
1560689
1565790
1565791
1565792
1565793
1565794
1565795
1565796
1565797
1565798
1565799
1565890
1565891
1565892
1565893
1565894
1565895
1565896
1565897
1565898
1565899
1566950
1566951
1566952
1566953
1566954
1566955
1566956
1566957
1566958
1566959
1566960
1566961
1566962
1566963
1566964
1566965
1566966
1566967
1566968
1566969
1569579
1569587
1580579
1580589
1582575
1582576
1582577
1582578
1582579
1585790
1585791
1585792
1585793
1585794
1585795
1585796
1585797
1585798
1585799
1585890
1585891
1585892
1585893
1585894
1585895
1585896
1585897
1585898
1585899
1586790
1586791
1586792
1586793
1586794
1586795
1586796
1586797
1586798
1586799
1586890
1586891
1586892
1586893
1586894
1586895
1586896
1586897
1586898
1586899
1586925
1586926
1586927
1586928
1586929
1588890
1588891
1588892
1588893
1588894
1588895
1588896
1588897
1588898
1588899
1590579
1590589
1590679
1590689
1592420
1592421
1592422
1592423
1592424
1592425
1592426
1592427
1592428
1592429
1592590
1592591
1592592
1592593
1592594
1592595
1592596
1592597
1592598
1592599
1595790
1595791
1595792
1595793
1595794
1595795
1595796
1595797
1595798
1595799
1595840
1595841
1595842
1595843
1595844
1595845
1595846
1595847
1595848
1595849
1595890
1595891
1595892
1595893
1595894
1595895
1595896
1595897
1595898
1595899
1596790
1596791
1596792
1596793
1596794
1596795
1596796
1596797
1596798
1596799
1598850
1598851
1598852
1598853
1598854
1598855
1598856
1598857
1598858
1598859
1860579
1860589
1860654
1860655
1860656
1860657
1860679
1860688
1860689
1880579
1880589
1880679
1880689
1885790
1885791
1885792
1885793
1885794
1885795
1885796
1885797
1885798
1885799
1885890
1885891
1885892
1885893
1885894
1885895
1885896
1885897
1885898
1885899
1886852
1886853
1886854
1886855
1886856
1886857
1886858
1886859
1890579
1890589
1890679
1890689
1895790
1895791
1895792
1895793
1895794
1895795
1895796
1895797
1895798
1895799
1895840
1895841
1895842
1895843
1895844
1895845
1895846
1895847
1895848
1895849
1896600
1896601
1896602
1896603
1896604
1896605
1896740
1896741
1896742
1896743
1896744
1896745
1896746
1896747
1896748
1896749
1896790
1896791
1896792
1896793
1896794
1896795
1896796
1896797
1896798
1896799
1896935
1896936
1896937
1896938
1896939
1898940
1898941
1898942
1898943
1898944