1300827
1300927
1301991
1301992
1302039
1302827
1302927
1303078
1303079
1304383
1304384
1305080
1305081
1305082
1305083
1305084
1306520
1306521
1306522
1306523
1306524
1308179
1310410
1313077
1313078
1313079
1313089
1313410
1314796
1315410
1315420
1318840
1318841
1318842
1318843
1318844
1318865
1318866
1318867
1318868
1318869
1319410
1320410
1320420
1321410
1322410
1323410
1323420
1323674
1323675
1323814
1323828
1323829
1325279
1327410
1327420
1328410
1330410
1330490
1331410
1332235
1332410
1333235
1334235
1335235
1335410
1335894
1335895
1335896
1335897
1335898
1335899
1336410
1336420
1336424
1337280
1337293
1338410
1338420
1339028
1339040
1339410
1346407
1346408
1346409
1346410
1346411
1346412
1346413
1346414
1346415
1346416
1346417
1346418
1346419
1346441
1346448
1347010
1347011
1347012
1347013
1347014
1347015
1347016
1347017
1350040
1350410
1351410
1359100
1359101
1359102
1359103
1359104
1359105
1359106
1359107
1359108
1359109
1359161
1359162
1360410
1361090
1361410
1361490
1362410
1362490
1364410
1365410
1367410
1370010
1370410
1370490
1374100
1374101
1374102
1374103
1374104
1374105
1374106
1374107
1374108
1374109
1380041
1380410
1384100
1384101
1384102
1384103
1384104
1384105
1384106
1384107
1384108
1384109
1389822
1389857
1389858
1389859
1390410
1390490
1394100
1394101
1394102
1394103
1394104
1394105
1394106
1394107
1394108
1394109
1500410
1504100
1504101
1504102
1504103
1504104
1504105
1504106
1504107
1504108
1504109
1504200
1504201
1504202
1504203
1504204
1504205
1504206
1504207
1504208
1504209
1510410
1510425
1510426
1514100
1514101
1514102
1514103
1514104
1514105
1514106
1514107
1514108
1514109
1514145
1514146
1514147
1514148
1514149
1514185
1514186
1514187
1514188
1514189
1516410
1516411
1516412
1516413
1516414
1518410
1518411
1518412
1518413
1518414
1521420
1521421
1521422
1521423
1521424
1521425
1521426
1521427
1521428
1521429
1524100
1524101
1524102
1524103
1524104
1524105
1524106
1524107
1524108
1524109
1524170
1524171
1530410
1530420
1530490
1532626
1533095
1550268
1550423
1554100
1554101
1554141
1554142
1554143
1554144
1554145
1554205
1554206
1554207
1554296
1554297
1554298
1554299
1560410
1560490
1564100
1564101
1564102
1564103
1564104
1564105
1564106
1564107
1564108
1564109
1566370
1566371
1566372
1566373
1566374
1569410
1569420
1569875
1580410
1584100
1584101
1584102
1584103
1584104
1584105
1584106
1584107
1584108
1584109
1589800
1589801
1589802
1589803
1589804
1589805
1589806
1589807
1589808
1589809
1590410
1594100
1594101
1594102
1594103
1594104
1594105
1594106
1594107
1594108
1594109
1860410
1860490
1880410
1884100
1884101
1884102
1884103
1884104
1884105
1884106
1884107
1884108
1884109
1890410
1890490
1894101
1894102
1894103