1300821
1300829
1301986
1301987
1302038
1302821
1302829
1304380
1305070
1305071
1305072
1305073
1305074
1306530
1306531
1306532
1306533
1306534
1308174
1310418
1310428
1312418
1312565
1312566
1313067
1313068
1313069
1313087
1313418
1314794
1314975
1315418
1318830
1318831
1318832
1318833
1318834
1319027
1319028
1319029
1319418
1320418
1321418
1322418
1323418
1323670
1323671
1323811
1323821
1327418
1328418
1330418
1330498
1331418
1332232
1332418
1333232
1334232
1335232
1335418
1335871
1335872
1336418
1337295
1338418
1338428
1339048
1339418
1339428
1346481
1346482
1346483
1346484
1346485
1346486
1346487
1346488
1346489
1347030
1347031
1347032
1347033
1347034
1347035
1347036
1347037
1350048
1351418
1360498
1361418
1361498
1362418
1364418
1370418
1370498
1374180
1374181
1374182
1374183
1374184
1374185
1374186
1374187
1374188
1374189
1379500
1379501
1379502
1379507
1379508
1379509
1380418
1384180
1384181
1384182
1384183
1384184
1384185
1384186
1384187
1384188
1384189
1389854
1389855
1389856
1390418
1390498
1394180
1394181
1394182
1394183
1394184
1394185
1394186
1394187
1394188
1394189
1500418
1504180
1504181
1504182
1504183
1504184
1504185
1504186
1504187
1504188
1504189
1504250
1504251
1504252
1504253
1504254
1504255
1504256
1504257
1504258
1504259
1510418
1513400
1513401
1513402
1513403
1513404
1513405
1513406
1514088
1514089
1514090
1514091
1514092
1514180
1514181
1514182
1514183
1514184
1518418
1524185
1524186
1524187
1524188
1524189
1530408
1530418
1532624
1533093
1554180
1554181
1554182
1554288
1554289
1560418
1560498
1564180
1564181
1564182
1564183
1564184
1564185
1564186
1564187
1564188
1564189
1566361
1566362
1566363
1566364
1566365
1566366
1569418
1569873
1580418
1584180
1584181
1584182
1584183
1584184
1584185
1584186
1584187
1584188
1584189
1590418
1590422
1590423
1590498
1594180
1594181
1594182
1594183
1594184
1594185
1594186
1594187
1594188
1594189
1860418
1860498
1880418
1884180
1884181
1884182
1884183
1884184
1884185
1884186
1884187
1884188
1884189
1890418
1890498
1894180
1894181
1894182