1300690
1301480
1302690
1303690
1308670
1308770
1309770
1309780
1309790
1311470
1311770
1312340
1312350
1319760
1319770
1320770
1321770
1330770
1330780
1331760
1331770
1332470
1336750
1336770
1337710
1338770
1348170
1348171
1348172
1348173
1348174
1350770
1351750
1351770
1355700
1355710
1355770
1355800
1355820
1355830
1355840
1360770
1361770
1362770
1364770
1365770
1366770
1367770
1368770
1370770
1376800
1376810
1378800
1378810
1378820
1380770
1387700
1387701
1387702
1387703
1387704
1387705
1387706
1387707
1387708
1387709
1390770
1390780
1397700
1397701
1397702
1397703
1397704
1397705
1397706
1397707
1397708
1397709
1500770
1510770
1529610
1529611
1529612
1529613
1529614
1529615
1529616
1529617
1529618
1530770
1550769
1550770
1560770
1567770
1567771
1567772
1567773
1567774
1569770
1580770
1587890
1587891
1590770
1590780
1860770
1880770
1880780
1890770
1890780
1897700
1897701
1897702