1304059
1307032
1307033
1309400
1311905
1311906
1313979
1313983
1319979
1320906
1328906
1331906
1331976
1334531
1336486
1336906
1339906
1339974
1356517
1356518
1356579
1357918
1357919
1364991
1369993
1369994
1377905
1377938
1377939
1380996
1389940
1389941
1389942
1399945
1399978
1399979
1500906
1500907
1502282
1509931
1510906
1519950
1519951
1519952
1519953
1519954
1520904
1520905
1529938
1529939
1529941
1529970
1529971
1534996
1569906
1580906
1590906
1860906
1880906
1899751
1899752
1899778
1899779
1899945
1899978
1899979