1309932
1309934
1313939
1313941
1315003
1315008
1319580
1320939
1320944
1323939
1323944
1329939
1330939
1332139
1336939
1338939
1338949
1339939
1351909
1351939
1362939
1364939
1365939
1368937
1368939
1373939
1380939
1383090
1383091
1383092
1383093
1383094
1383095
1383096
1383097
1383098
1383099
1390939
1391955
1391956
1391957
1399390
1399391
1399392
1399393
1399394
1399395
1399396
1399397
1399398
1399399
1500939
1502596
1509573
1509574
1509575
1509576
1509717
1509718
1509719
1509720
1510394
1510395
1510396
1510397
1510398
1510399
1510939
1510948
1510949
1519390
1519391
1519392
1519393
1519394
1519395
1519396
1519397
1519398
1519399
1520939
1529335
1529336
1529337
1529338
1529339
1529391
1529392
1529393
1529394
1529395
1529396
1529397
1529398
1529399
1529406
1529407
1529408
1529409
1529410
1530939
1533609
1533705
1533939
1533979
1534939
1534948
1534949
1559390
1559391
1559392
1559393
1559402
1559403
1559404
1559405
1560939
1569390
1569393
1569394
1569397
1569398
1569399
1580934
1580939
1580948
1580949
1582587
1582588
1582589
1860939
1890939
1891939
1891944
1891949
1899390
1899391
1899392
1899393
1899394