1303519
1304275
1308524
1308525
1309327
1309328
1309844
1310075
1311440
1311726
1313573
1313574
1314722
1317718
1317719
1319746
1321722
1322722
1323550
1323551
1323726
1325722
1326475
1326476
1327722
1327760
1327761
1327762
1329725
1329726
1329727
1330866
1331759
1332988
1332989
1333989
1336729
1337781
1338729
1339617
1340962
1340963
1340964
1340965
1340966
1345128
1345129
1346971
1347733
1347734
1348700
1348701
1358139
1358140
1359782
1359783
1359784
1360728
1361722
1363573
1364729
1367721
1377409
1377410
1377411
1377412
1377413
1377414
1379787
1379788
1387285
1387286
1387287
1387288
1387289
1388685
1388686
1388687
1388688
1388689
1390866
1397179
1397298
1397299
1398643
1398644
1399785
1399786
1399787
1399788
1399789
1507163
1507164
1507165
1507294
1507295
1507296
1507297
1507298
1507299
1517276
1517277
1517278
1517279
1527131
1527132
1527133
1527134
1527135
1527285
1527286
1527287
1527288
1527289
1530866
1532758
1532759
1533410
1533411
1533577
1533578
1533579
1533590
1533733
1554973
1554974
1554975
1554976
1554977
1557220
1557221
1557222
1557223
1557224
1557225
1557226
1557227
1560866
1562999
1567124
1567125
1567179
1569722
1582671
1582672
1582673
1582674
1582675
1582676
1582677
1582678
1587122
1587123
1587124
1587125
1589758
1589759
1589760
1589761
1589762
1589763
1589764
1589765
1592665
1597192
1597193
1597194
1597276
1597277
1597278
1599784
1599785
1599786
1599787
1599788
1599789
1599790
1599791
1860722
1880866
1887298
1887299
1890866
1897179
1897298
1897299
1898643
1898644
1899595
1899596
1899597