1300166
1300167
1300168
1300169
1300650
1300651
1300652
1300653
1301240
1301241
1301242
1301243
1301244
1301245
1301246
1301247
1301248
1301249
1301250
1301251
1301252
1301253
1301254
1301255
1301294
1301295
1302166
1302167
1302168
1302169
1302650
1302651
1302652
1302653
1304500
1304501
1304502
1304503
1304504
1304505
1304506
1304507
1304508
1304509
1304740
1304741
1306120
1306121
1306122
1306123
1306124
1306125
1306126
1306127
1306128
1306129
1306130
1306131
1306132
1306133
1306134
1306135
1306136
1306137
1306138
1306139
1306140
1306141
1306142
1306143
1306144
1306145
1306146
1306147
1306148
1306149
1307080
1307081
1307082
1307083
1307084
1307085
1307086
1307087
1307088
1307089
1310512
1310513
1310514
1310515
1310516
1310517
1310518
1310519
1310532
1310542
1312700
1312701
1312702
1312703
1312704
1312705
1312706
1314532
1314542
1315320
1315321
1315322
1315323
1315324
1315325
1315326
1315327
1315328
1315329
1315603
1315604
1315605
1315620
1315621
1315622
1315623
1315624
1315625
1315626
1315627
1315628
1315629
1315636
1315637
1315638
1315639
1315642
1315648
1315685
1315686
1315687
1315688
1315689
1316500
1316501
1316502
1316503
1316504
1316505
1316506
1316507
1316508
1316509
1316515
1316516
1316532
1316542
1317320
1317321
1317322
1317323
1317324
1317639
1317648
1317650
1317651
1317652
1317653
1317685
1317686
1317687
1317688
1317689
1318413
1318414
1318895
1318896
1318897
1318898
1318899
1320532
1320636
1320637
1320638
1320639
1320641
1320642
1320643
1320644
1320645
1320646
1320647
1320648
1320649
1321000
1321001
1321002
1321003
1321004
1321005
1321006
1321007
1321008
1321009
1321010
1321011
1321012
1321013
1321014
1321015
1321016
1321017
1321018
1321019
1321020
1321021
1321022
1321023
1321024
1321025
1321026
1321027
1321028
1321029
1321080
1321081
1321082
1321083
1321084
1321085
1321086
1321087
1321088
1321089
1322085
1322086
1322087
1322088
1322089
1322532
1322542
1323532
1324532
1324542
1325532
1325542
1325555
1325556
1325557
1325558
1325559
1325639
1325682
1325683
1325684
1325685
1325686
1325687
1325688
1325689
1327532
1327542
1327639
1327642
1327648
1328080
1328081
1328082
1328083
1328084
1328085
1328086
1328087
1328088
1328089
1328532
1328542
1329532
1329542
1329639
1329642
1329648
1330532
1330542
1330639
1330642
1330648
1331066
1331067
1332500
1332501
1332502
1332639
1333500
1333501
1333502
1333503
1333504
1333505
1333506
1333507
1333508
1333509
1333639
1334122
1334123
1334124
1334500
1334501
1334502
1334639
1335444
1335445
1335532
1335542
1335639
1335685
1335686
1335687
1335688
1335689
1336120
1336121
1336122
1336123
1336124
1336125
1336126
1336127
1336128
1336129
1336148
1336149
1336532
1336542
1337080
1337081
1337082
1337083
1337084
1337085
1337086
1337087
1337088
1337089
1337148
1337149
1337532
1337542
1337555
1337556
1337557
1337558
1337639
1337642
1337648
1338532
1338542
1338639
1338642
1338648
1339532
1339542
1339639
1339642
1339648
1340532
1340542
1340642
1340648
1340680
1340681
1340760
1345520
1345521
1345522
1345523
1345524
1345525
1345526
1345527
1345528
1345529
1346532
1346542
1346544
1346580
1346581
1346582
1346583
1346584
1346585
1346586
1346587
1346588
1346589
1346828
1346829
1347532
1347542
1347544
1347580
1347581
1347582
1347583
1347584
1347585
1347586
1347587
1350532
1350542
1350639
1350642
1350648
1351532
1351542
1351862
1355300
1355301
1355302
1355303
1355304
1355305
1355306
1355307
1355308
1355309
1357320
1357321
1357322
1357323
1357324
1357325
1357326
1357327
1357328
1357329
1357380
1357381
1357382
1357383
1357384
1357385
1357386
1357387
1357388
1357389
1358320
1358321
1358322
1358323
1358324
1358325
1358326
1358327
1358328
1358329
1358920
1358921
1358922
1358923
1358924
1358925
1358926
1358927
1358928
1358929
1358930
1358931
1358932
1358933
1358934
1358935
1358936
1358937
1358938
1358939
1360532
1360542
1360630
1360634
1360639
1360642
1360648
1360896
1360897
1360898
1361532
1361542
1361639
1361642
1361648
1362532
1362542
1362639
1362642
1362648
1364532
1364542
1364639
1364642
1364648
1365532
1365542
1365639
1365642
1365648
1365865
1365866
1365867
1365868
1365869
1366532
1366542
1366884
1366885
1366886
1366887
1366888
1366889
1367532
1367542
1367884
1367885
1367886
1367887
1367888
1367889
1368532
1368542
1368760
1368761
1368762
1368763
1368764
1368765
1368766
1368767
1368768
1368769
1369532
1369542
1369765
1369766
1369767
1369768
1369865
1369866
1369867
1369868
1369869
1370532
1370542
1370630
1370634
1370642
1370648
1370895
1370896
1370897
1370898
1370899
1373090
1373091
1373092
1373093
1373094
1373095
1373096
1373097
1373098
1373099
1378060
1378061
1378062
1378063
1378064
1378065
1378066
1378067
1378068
1378069
1378984
1378985
1378986
1378987
1378988
1379180
1379181
1379182
1379183
1379184
1379190
1379191
1379192
1379193
1379194
1379195
1379196
1379197
1379198
1379199
1379242
1379243
1379244
1379245
1379246
1379247
1379248
1379249
1379280
1379281
1379282
1379283
1379284
1379285
1379286
1379287
1379288
1379289
1379290
1379291
1379320
1379321
1379322
1379323
1379324
1379325
1379326
1379327
1379328
1379329
1380532
1380542
1380639
1380642
1380644
1380895
1380896
1380897
1380898
1380899
1385320
1385321
1385322
1385323
1385324
1385325
1385326
1385327
1385328
1385329
1385420
1385421
1385422
1385423
1385424
1385425
1385426
1385427
1385428
1385429
1386390
1386391
1386392
1386393
1386394
1386395
1386396
1386397
1386398
1386399
1386420
1386421
1386422
1386423
1386424
1386425
1386426
1386427
1386428
1386429
1386480
1386481
1386482
1386483
1386484
1386485
1386486
1386487
1386488
1386489
1386980
1386981
1386982
1386983
1386984
1386985
1386986
1386987
1386988
1386989
1388463
1388494
1388495
1388496
1388497
1390532
1390542
1390639
1390642
1390648
1395320
1395321
1395322
1395323
1395324
1395325
1395326
1395327
1395328
1395329
1395420
1395421
1395422
1395423
1395424
1395425
1395426
1395427
1395428
1395429
1396390
1396391
1396392
1396393
1396394
1396395
1396396
1396397
1396398
1396399
1396420
1396421
1396422
1396423
1396424
1396425
1396426
1396427
1396428
1396429
1396480
1396481
1396482
1396483
1396484
1396485
1396486
1396487
1396488
1396489
1396960
1396961
1396962
1396963
1396964
1396965
1396966
1396967
1396968
1396969
1396970
1396971
1396972
1396973
1396974
1396975
1396976
1396977
1396978
1396979
1396980
1396981
1396982
1396983
1396984
1396985
1396986
1396987
1396988
1396989
1500532
1500542
1500642
1500648
1500658
1502002
1502003
1502004
1502005
1502006
1502007
1502008
1502009
1505320
1505321
1505322
1505323
1505324
1505325
1505326
1505327
1505328
1505329
1505420
1505421
1505422
1505423
1505424
1505425
1505426
1505427
1505428
1505429
1505481
1505482
1505489
1506300
1506301
1506302
1506303
1506304
1506305
1506306
1506307
1506308
1506309
1506390
1506391
1506392
1506393
1506394
1506395
1506396
1506397
1506398
1506399
1506420
1506421
1506422
1506423
1506424
1506425
1506426
1506427
1506428
1506429
1506480
1506481
1506482
1506483
1506484
1506485
1506486
1506487
1506488
1506489
1506532
1506542
1506616
1506617
1506618
1506619
1506620
1506621
1506622
1506623
1506624
1506625
1506626
1506627
1506628
1506629
1506639
1506679
1506680
1506681
1506682
1506683
1506684
1506685
1506686
1506687
1506688
1506689
1509200
1509201
1509202
1509203
1509204
1509205
1509206
1509207
1509208
1509209
1509210
1509211
1509212
1509213
1509214
1509215
1509216
1509217
1509218
1509219
1509220
1509221
1509222
1509223
1509224
1509225
1509226
1509227
1509228
1509229
1509240
1509241
1509242
1509243
1509244
1509245
1510532
1510542
1515320
1515321
1515322
1515323
1515324
1515325
1515326
1515327
1515328
1515329
1515420
1515421
1515422
1515423
1515424
1515425
1515426
1515427
1515428
1515429
1515441
1515442
1515443
1515444
1516520
1516521
1516522
1516523
1516524
1516525
1516526
1516527
1516528
1516529
1516532
1516542
1516600
1516601
1516602
1516603
1516604
1516605
1516606
1516639
1516642
1516660
1516661
1516662
1516663
1516664
1516665
1516666
1516667
1516668
1516669
1519200
1519201
1519202
1519203
1519204
1519205
1519206
1519207
1519208
1519209
1519248
1519249
1519250
1519251
1519252
1519253
1519254
1519255
1519256
1519257
1519258
1519259
1519260
1519261
1519262
1519263
1519264
1519265
1519266
1519267
1519268
1519269
1519270
1519271
1519272
1519273
1519274
1519275
1519276
1519277
1519278
1519279
1519420
1519421
1519422
1519423
1519424
1519425
1519426
1519427
1519428
1519429
1519430
1520532
1520542
1521532
1521542
1521639
1521642
1521648
1522441
1522442
1522443
1522444
1522445
1524420
1524421
1524422
1524423
1524424
1524425
1524426
1524427
1524428
1524429
1525320
1525321
1525322
1525323
1525324
1525325
1525326
1525327
1525328
1525329
1525420
1525421
1525422
1525423
1525424
1525425
1525426
1525427
1525428
1525429
1526303
1526304
1526305
1526420
1526421
1526422
1526423
1526424
1526425
1526426
1526427
1526428
1526429
1526520
1526521
1526522
1526523
1526524
1526525
1526526
1526527
1526528
1526529
1526532
1526542
1526620
1526621
1526622
1526623
1526624
1526625
1526920
1526921
1526922
1526923
1526924
1526925
1526926
1526927
1526928
1526929
1527520
1527521
1527522
1527523
1527524
1527525
1527526
1527527
1527528
1527529
1527532
1527542
1528896
1528897
1528898
1530532
1530542
1530639
1530642
1530648
1531420
1531421
1531422
1531423
1531424
1531425
1531500
1531501
1531502
1531532
1531542
1531550
1531551
1531552
1531553
1531554
1531870
1531871
1531872
1531873
1531874
1531875
1531876
1531877
1531878
1531879
1531886
1531887
1531888
1531889
1533532
1533542
1533639
1533642
1533648
1533999
1534532
1534542
1555320
1555321
1555322
1555323
1555324
1560532
1560542
1560639
1560642
1560648
1561512
1561532
1561542
1561552
1561562
1561572
1561588
1565320
1565321
1565322
1565323
1565324
1565325
1565326
1565327
1565328
1565329
1566613
1566620
1566622
1566642
1566648
1566652
1566668
1566669
1566679
1566682
1569232
1569234
1569238
1569811
1569814
1569815
1569816
1571270
1571271
1571272
1571273
1571274
1571275
1571276
1571277
1571278
1571279
1580532
1580542
1580639
1580642
1580650
1580651
1580652
1580653
1580654
1580655
1580656
1580657
1580658
1580659
1582002
1582003
1582008
1585320
1585321
1585322
1585323
1585324
1585325
1585326
1585327
1585328
1585329
1585420
1585421
1585422
1585423
1585424
1585425
1585426
1585427
1585428
1585429
1586300
1586301
1586302
1586303
1586304
1586305
1586306
1586307
1586308
1586309
1586311
1586344
1586345
1586346
1586347
1586348
1586420
1586421
1586422
1586423
1586424
1586425
1586426
1586427
1586428
1586429
1586470
1586471
1586472
1586473
1586474
1586532
1586550
1586551
1586552
1586553
1586554
1586555
1586556
1586557
1586558
1586559
1586680
1586681
1586682
1586683
1586684
1586685
1586686
1586687
1586688
1586689
1589880
1589881
1589882
1589883
1589884
1589885
1589886
1589887
1589888
1590532
1590542
1590639
1590892
1590893
1590894
1590895
1590896
1590897
1590898
1590899
1595320
1595321
1595322
1595323
1595324
1595325
1595326
1595327
1595328
1595329
1595338
1595408
1595409
1595420
1595421
1595422
1595423
1595424
1595425
1595426
1595427
1595428
1595429
1595480
1595481
1595482
1595483
1595484
1595485
1595486
1595487
1595488
1595489
1596300
1596301
1596320
1596321
1596322
1596323
1596324
1596325
1596326
1596327
1596328
1596329
1596420
1596421
1596422
1596423
1596424
1596425
1596426
1596427
1596428
1596429
1596491
1596492
1596493
1596494
1596495
1596496
1596497
1596498
1596499
1596532
1596542
1596555
1596556
1596557
1596558
1596680
1596681
1596682
1596683
1596684
1596685
1596686
1596687
1596688
1596689
1596690
1596691
1596692
1596693
1596694
1596980
1596981
1596982
1596983
1596984
1596985
1596986
1596987
1596988
1596989
1860532
1865320
1865321
1865322
1865323
1865324
1865325
1865326
1865327
1865328
1865329
1880532
1880542
1880639
1880642
1880648
1885320
1885321
1885322
1885323
1885324
1885325
1885326
1885327
1885328
1885329
1885420
1885421
1885422
1885423
1885424
1885425
1885426
1885427
1885428
1885429
1886390
1886391
1886392
1886393
1886394
1886395
1886396
1886397
1886398
1886399
1886620
1886621
1886622
1886623
1886624
1886625
1886626
1886627
1886628
1886629
1886639
1886642
1886648
1886662
1890532
1890542
1890639
1890642
1890648
1895320
1895321
1895322
1895323
1895324
1895325
1895326
1895327
1895328
1895329
1895420
1895421
1895422
1895423
1895424
1895425
1895426
1895427
1895428
1895429