1300936
1300937
1300938
1300939
1301960
1301961
1301962
1301963
1301964
1302033
1302936
1302937
1302938
1302939
1304260
1304261
1304262
1305000
1305001
1305002
1305003
1305004
1305005
1305006
1305007
1305008
1305009
1306540
1306541
1306542
1306543
1306544
1306545
1306546
1306547
1306548
1306549
1308120
1308121
1308122
1308123
1308124
1308225
1308226
1310412
1310422
1312412
1312550
1313005
1313006
1313007
1313008
1313009
1313015
1313016
1313017
1313018
1313019
1313412
1313425
1314788
1314972
1315412
1315425
1318800
1318801
1318802
1318803
1318804
1318805
1318806
1318807
1318808
1318809
1319412
1319425
1320412
1320422
1320423
1321412
1322412
1323412
1323680
1323681
1323682
1323683
1323684
1323817
1323818
1323819
1323897
1323898
1323899
1327412
1328412
1328420
1330412
1330420
1330422
1330492
1330980
1331403
1331404
1331412
1331425
1332210
1332211
1332412
1332422
1333210
1333211
1334210
1334211
1335210
1335211
1335412
1335425
1335860
1335861
1335862
1335863
1335864
1335865
1335866
1335867
1335868
1336412
1336422
1337285
1338412
1338422
1338674
1338675
1338676
1338677
1338678
1338679
1339007
1339008
1339009
1339030
1339031
1339032
1339033
1339034
1339412
1339420
1346433
1346434
1346435
1346436
1346442
1346490
1346491
1346492
1346493
1346494
1346495
1346496
1346497
1346498
1346499
1347800
1347801
1347802
1347803
1347804
1347805
1347806
1347807
1347808
1347809
1350042
1350412
1350491
1351412
1351422
1351602
1359120
1359121
1359122
1359123
1359124
1359158
1359159
1360412
1360420
1360422
1360491
1360980
1361080
1361098
1361412
1361420
1361422
1361492
1362412
1362420
1362422
1362492
1364412
1364420
1364422
1364492
1365412
1365422
1367412
1367422
1370012
1370017
1370412
1370420
1370422
1370492
1370980
1374120
1374121
1374122
1374123
1374125
1374126
1374127
1374220
1374221
1374222
1374223
1374224
1374225
1374226
1374227
1374228
1374229
1380412
1380420
1380422
1380491
1380492
1384120
1384121
1384122
1384123
1384124
1384125
1384126
1384127
1384128
1384129
1384220
1384221
1384222
1384223
1384224
1384225
1384226
1384227
1384228
1384229
1388970
1388971
1388972
1388973
1388974
1388975
1388976
1388977
1388978
1388979
1389800
1389801
1389802
1389803
1389804
1389805
1389806
1389807
1390412
1390420
1390422
1390492
1390980
1394120
1394121
1394122
1394123
1394124
1394125
1394126
1394127
1394128
1394129
1394220
1394221
1394222
1394223
1394224
1394225
1394226
1394227
1394228
1394229
1399800
1399801
1399802
1399803
1399804
1399805
1399806
1399807
1399808
1399809
1500412
1504065
1504066
1504067
1504070
1504071
1504072
1504073
1504074
1504075
1504076
1504077
1504078
1504079
1504220
1504221
1504222
1504223
1504224
1504225
1504226
1504227
1504228
1504229
1504232
1504233
1504234
1508400
1508401
1508402
1508403
1508404
1508405
1508406
1508407
1508408
1508409
1510412
1512410
1512411
1512412
1512413
1512414
1512415
1512416
1512417
1512418
1512419
1514080
1514081
1514082
1514083
1514084
1514085
1514086
1514087
1514120
1514121
1514122
1514123
1514124
1514125
1514126
1514127
1514128
1514129
1514220
1514221
1514222
1514223
1514224
1516420
1516421
1516422
1516423
1516424
1516425
1516426
1516427
1516428
1524120
1524121
1524122
1524123
1524124
1524125
1524126
1524127
1524128
1524129
1524210
1524211
1524212
1524213
1524214
1524220
1524221
1524222
1524223
1524224
1524225
1524226
1524227
1524228
1524229
1524280
1524281
1524282
1524283
1524284
1524285
1524286
1524287
1524288
1524289
1530412
1530491
1532618
1533084
1533113
1550420
1554127
1554128
1554129
1554271
1554272
1554273
1554274
1554275
1554276
1560412
1560420
1560422
1560492
1560980
1564120
1564121
1564122
1564123
1564124
1564125
1564126
1564127
1564128
1564129
1566322
1566323
1566324
1566325
1569412
1569422
1569890
1569891
1569892
1580412
1584120
1584121
1584122
1584123
1584124
1584125
1584126
1584127
1584128
1584129
1584200
1584201
1584202
1584203
1584204
1584205
1584206
1584207
1584208
1584209
1584220
1584221
1584222
1584223
1584224
1584225
1584226
1584227
1584228
1584229
1590412
1590492
1590980
1594120
1594121
1594122
1594123
1594124
1594125
1594126
1594127
1594128
1594129
1594220
1594221
1594222
1594223
1594224
1594225
1594226
1594227
1594228
1594229
1599800
1599801
1599802
1599803
1599804
1599805
1599806
1599807
1599808
1599809
1860412
1860420
1860422
1860492
1860980
1880412
1880422
1880423
1880424
1880425
1884120
1884121
1884122
1884123
1884124
1884125
1884126
1884127
1884128
1884129
1890412
1890420
1890422
1890492
1890980