1303446
1303447
1303448
1303449
1304271
1304272
1308521
1308522
1309272
1309273
1309274
1309836
1309837
1310074
1311443
1311707
1311708
1311709
1313590
1313591
1316565
1317734
1317735
1317736
1319705
1319706
1319707
1319708
1319709
1321713
1321723
1321725
1322731
1322732
1322733
1322734
1322735
1322736
1322737
1322738
1322739
1323541
1323542
1323543
1323720
1323721
1323722
1324720
1325713
1325714
1325717
1325719
1326480
1326481
1326482
1326483
1327713
1327714
1327720
1327721
1327740
1327741
1327742
1327743
1329426
1329427
1329756
1329757
1329758
1329759
1330725
1331725
1331750
1332994
1332995
1333740
1333741
1333742
1333743
1333744
1333745
1333746
1333995
1333996
1333997
1336713
1337792
1338711
1338712
1339725
1339726
1340967
1340968
1340969
1340970
1340971
1340972
1340973
1340974
1340975
1340976
1340977
1340978
1340979
1340980
1340981
1340982
1340983
1340984
1340985
1340986
1340987
1340988
1340989
1340990
1340991
1340992
1340993
1340994
1340995
1340996
1340997
1340998
1340999
1342990
1342991
1346988
1346989
1346990
1346991
1346992
1346993
1346994
1347657
1347658
1347659
1347660
1347661
1347662
1347663
1347664
1347665
1347666
1347667
1347668
1347669
1347670
1347671
1347672
1347673
1347674
1347675
1347676
1347677
1347760
1347761
1347762
1347763
1347764
1347765
1347766
1347767
1347768
1347769
1348702
1348703
1348704
1348705
1348706
1350865
1358123
1358124
1358125
1358126
1358127
1359365
1359366
1359367
1359368
1359369
1359754
1359755
1359756
1359757
1359758
1359759
1359760
1360725
1361713
1361867
1362718
1363583
1363584
1363585
1363586
1363587
1363588
1363589
1363600
1363601
1363602
1363603
1363604
1363605
1363606
1363607
1363608
1363609
1363610
1363611
1363612
1363613
1364713
1365713
1366903
1367713
1368713
1369714
1370725
1380725
1387195
1387196
1387197
1387198
1387199
1387200
1387201
1387202
1387203
1387204
1388640
1388641
1388642
1388643
1388644
1390725
1397170
1397171
1397172
1397173
1397174
1397270
1397271
1397272
1397273
1397274
1397275
1398651
1398652
1398653
1398654
1398655
1398656
1399590
1399591
1399592
1399593
1399594
1500725
1507166
1507167
1507168
1507169
1507170
1507171
1507272
1507273
1507274
1507275
1507276
1507277
1507278
1507279
1507280
1507281
1507282
1507283
1507284
1507285
1507286
1507287
1509800
1509801
1509802
1509803
1509804
1510725
1517132
1517133
1517134
1517135
1517160
1517161
1517162
1517163
1517164
1517165
1517166
1517167
1517168
1517169
1517170
1517171
1520725
1527154
1527155
1527156
1527157
1527158
1527159
1527160
1527161
1527162
1527163
1527164
1527201
1527202
1530725
1532748
1532770
1532771
1532772
1532773
1532774
1532775
1533412
1533413
1533414
1533598
1533599
1533731
1534716
1534717
1534720
1534721
1554964
1554965
1554966
1554967
1554968
1554969
1557130
1557131
1557132
1557133
1557134
1557135
1557136
1557137
1557138
1557139
1557232
1557233
1557234
1557235
1557236
1557237
1557238
1557239
1560725
1561490
1562943
1562949
1562960
1562961
1562962
1562963
1562964
1562965
1562966
1562967
1562968
1562969
1567170
1567171
1567172
1567173
1567174
1569713
1569724
1580725
1589789
1589790
1589791
1589792
1589793
1589794
1590725
1592670
1592671
1592672
1592673
1592674
1592675
1592676
1592677
1592678
1592679
1597132
1597133
1597134
1597135
1597136
1597137
1597138
1597139
1597140
1597279
1597280
1597281
1597282
1597283
1597284
1597285
1597286
1597287
1597288
1597289
1599732
1599733
1599734
1599735
1599736
1599737
1599738
1599739
1860278
1860725
1867165
1880725
1887269
1887270
1887271
1887272
1887273
1887274
1890725
1897170
1897171
1897172
1897173
1897174
1897270
1897271
1897272
1897273
1897274
1897275
1898651
1898652
1898653
1898654
1898655
1898656
1899571
1899572
1899573
1899574
1899575
1899576