1345220
1345221
1345222
1345223
1345224
1345225
1345226
1345227
1345228
1345229
1351230
1359490
1359491
1359492
1359493
1359494
1359495
1359496
1359497
1359498
1359499
1360948
1360949
1362828
1362829
1363820
1363821
1364820
1364821
1364822
1364823
1364824
1364825
1364826
1364827
1364828
1364829
1365829
1370948
1370949
1389640
1389641
1389642
1389643
1389644
1389645
1389646
1389647
1389648
1389649
1389680
1389681
1389682
1389683
1389684
1389685
1389686
1389687
1389688
1389689
1390827
1398356
1398357
1399690
1399691
1399692
1399693
1399694
1399695
1399696
1399697
1399698
1399699
1502330
1502331
1502332
1502333
1502334
1502335
1502336
1502337
1502338
1502339
1502570
1502571
1502572
1502573
1502574
1502575
1502576
1502577
1502578
1502579
1509590
1509591
1509592
1509593
1509594
1509595
1509596
1509597
1509598
1509599
1512370
1512371
1512372
1512373
1512374
1512375
1512376
1512377
1512378
1512379
1517870
1517871
1517872
1517873
1517874
1521375
1521376
1521377
1521378
1521379
1522390
1522391
1522392
1522393
1522394
1522395
1522396
1522397
1522398
1522399
1582360
1582361
1582362
1582363
1582364
1585600
1585601
1585602
1585603
1585604
1585605
1585606
1585607
1585608
1585609
1592360
1592361
1592362
1592363
1592364
1592370
1592371
1592372
1592373
1592374
1889610
1889611
1889612
1889613
1889614
1889615
1889616
1889617
1889618
1889619
1890827
1898356
1898357
1899690
1899691
1899692
1899693
1899694
1899695
1899696
1899697
1899698
1899699